0 0 0.0000
0 1 0.0000
0 2 0.0000
0 3 0.0000
0 4 0.0000
0 5 0.0000
0 6 0.0000
0 7 0.0000
0 8 0.0000
0 9 0.0000
1 0 0.0084
1 1 0.0083
1 2 0.0083
1 3 0.0085
1 4 0.0085
1 5 0.0085
1 6 0.0083
1 7 0.0083
1 8 0.0082
1 9 0.0083
2 0 0.0397
2 1 0.0396
2 2 0.0391
2 3 0.0404
2 4 0.0395
2 5 0.0390
2 6 0.0398
2 7 0.0394
2 8 0.0394
2 9 0.0391
3 0 0.1083
3 1 0.1086
3 2 0.1084
3 3 0.1079
3 4 0.1071
3 5 0.1085
3 6 0.1079
3 7 0.1073
3 8 0.1074
3 9 0.1067
4 0 0.1605
4 1 0.1615
4 2 0.1609
4 3 0.1623
4 4 0.1609
4 5 0.1605
4 6 0.1613
4 7 0.1603
4 8 0.1612
4 9 0.1613
5 0 0.1964
5 1 0.1956
5 2 0.1965
5 3 0.1959
5 4 0.1967
5 5 0.1961
5 6 0.1955
5 7 0.1964
5 8 0.1959
5 9 0.1954
6 0 0.2212
6 1 0.2218
6 2 0.2204
6 3 0.2207
6 4 0.2215
6 5 0.2212
6 6 0.2218
6 7 0.2215
6 8 0.2207
6 9 0.2220
7 0 0.2408
7 1 0.2417
7 2 0.2413
7 3 0.2419
7 4 0.2402
7 5 0.2412
7 6 0.2414
7 7 0.2406
7 8 0.2408
7 9 0.2418
8 0 0.2568
8 1 0.2571
8 2 0.2565
8 3 0.2568
8 4 0.2570
8 5 0.2570
8 6 0.2569
8 7 0.2570
8 8 0.2565
8 9 0.2572
9 0 0.2705
9 1 0.2707
9 2 0.2707
9 3 0.2705
9 4 0.2703
9 5 0.2703
9 6 0.2708
9 7 0.2708
9 8 0.2711
9 9 0.2708
10 0 0.2821
10 1 0.2823
10 2 0.2826
10 3 0.2826
10 4 0.2826
10 5 0.2825
10 6 0.2820
10 7 0.2825
10 8 0.2825
10 9 0.2825
11 0 0.2931
11 1 0.2933
11 2 0.2925
11 3 0.2930
11 4 0.2922
11 5 0.2926
11 6 0.2928
11 7 0.2925
11 8 0.2923
11 9 0.2932
12 0 0.3021
12 1 0.3019
12 2 0.3017
12 3 0.3023
12 4 0.3018
12 5 0.3018
12 6 0.3019
12 7 0.3019
12 8 0.3023
12 9 0.3019
13 0 0.3107
13 1 0.3106
13 2 0.3104
13 3 0.3105
13 4 0.3107
13 5 0.3105
13 6 0.3102
13 7 0.3105
13 8 0.3104
13 9 0.3101
14 0 0.3182
14 1 0.3179
14 2 0.3181
14 3 0.3185
14 4 0.3183
14 5 0.3183
14 6 0.3181
14 7 0.3182
14 8 0.3178
14 9 0.3181
15 0 0.3255
15 1 0.3250
15 2 0.3253
15 3 0.3252
15 4 0.3253
15 5 0.3252
15 6 0.3251
15 7 0.3250
15 8 0.3251
15 9 0.3252
16 0 0.3316
16 1 0.3317
16 2 0.3316
16 3 0.3319
16 4 0.3322
16 5 0.3318
16 6 0.3321
16 7 0.3312
16 8 0.3317
16 9 0.3320
17 0 0.3381
17 1 0.3383
17 2 0.3382
17 3 0.3379
17 4 0.3382
17 5 0.3383
17 6 0.3383
17 7 0.3380
17 8 0.3380
17 9 0.3378
18 0 0.3438
18 1 0.3436
18 2 0.3436
18 3 0.3437
18 4 0.3432
18 5 0.3438
18 6 0.3436
18 7 0.3433
18 8 0.3434
18 9 0.3439
19 0 0.3495
19 1 0.3494
19 2 0.3489
19 3 0.3489
19 4 0.3488
19 5 0.3491
19 6 0.3491
19 7 0.3492
19 8 0.3491
19 9 0.3487
