100
0 38
0 88
1 5
1 51
1 82
2 6
2 14
2 21
2 28
3 50
3 69
3 73
4 24
4 49
4 68
5 19
5 83
6 49
6 75
6 98
7 16
7 18
8 41
8 55
9 27
9 42
9 63
10 13
10 27
10 29
10 43
10 66
11 19
11 88
11 90
12 22
12 49
13 65
14 29
14 93
15 73
15 84
15 95
16 80
17 33
17 59
18 23
19 40
20 25
20 43
21 29
22 74
23 48
23 80
24 30
24 99
26 28
26 58
27 74
28 46
28 58
30 57
31 59
31 79
32 51
32 82
32 94
33 91
34 46
34 58
34 66
35 47
35 71
35 97
36 39
36 73
36 82
37 61
37 72
37 87
38 99
39 69
40 71
41 42
41 52
41 99
43 48
44 78
44 87
44 90
45 55
45 84
47 50
47 67
47 78
48 85
49 78
50 76
51 64
51 77
52 99
53 59
53 68
53 72
53 90
54 71
54 85
54 89
56 62
56 94
57 69
57 83
57 92
58 59
58 70
59 84
60 62
60 81
61 85
62 64
62 76
63 71
64 65
64 94
65 79
65 82
66 74
66 77
66 91
67 73
67 93
68 72
68 80
69 81
69 92
69 93
69 96
70 86
71 82
77 98
84 86
84 99
85 89
85 97
86 88
88 97
90 91
93 96
