100
0 2
0 6
0 32
0 62
0 63
0 65
0 68
0 74
1 5
1 19
1 22
1 28
1 61
1 88
1 96
2 10
2 13
2 32
2 44
2 49
2 69
3 15
3 27
3 39
3 56
3 58
3 64
3 75
4 30
4 90
4 91
5 22
5 43
5 53
5 71
5 92
6 15
6 24
6 83
6 95
7 24
8 29
8 30
8 41
8 78
8 83
9 28
9 46
9 51
9 58
9 83
10 12
10 32
10 74
10 90
11 14
11 19
11 44
11 67
11 70
12 29
12 87
13 19
13 41
13 83
14 23
14 37
14 71
14 80
14 96
15 47
15 68
15 70
15 71
16 59
16 97
17 89
18 52
18 69
18 87
18 90
19 26
19 32
19 45
19 58
19 64
19 99
20 25
20 54
20 59
20 63
20 65
20 89
21 48
22 25
22 37
22 62
23 79
24 69
25 29
25 54
25 62
25 84
25 85
25 95
26 69
26 96
26 97
28 30
28 37
28 53
28 79
28 98
29 30
29 59
29 63
29 73
29 84
29 86
29 88
30 33
30 36
30 67
30 70
30 88
31 45
31 70
31 75
32 40
32 64
33 66
33 67
33 69
33 92
34 43
34 58
34 60
34 63
35 40
35 66
35 71
35 81
35 84
36 42
36 84
37 55
37 59
37 95
38 58
38 68
38 72
39 50
39 51
39 60
39 72
39 97
40 49
40 94
41 82
41 87
42 62
42 74
42 82
42 88
43 56
43 66
43 86
45 49
45 69
45 71
45 77
45 93
47 67
47 89
48 62
48 63
48 72
49 60
49 69
49 85
49 91
50 74
50 98
51 53
51 99
53 59
53 65
53 86
54 66
55 61
55 62
55 99
56 90
57 65
58 62
58 83
59 62
59 64
59 67
60 61
60 72
60 82
61 63
61 77
62 64
62 88
62 94
63 67
64 81
64 91
65 83
66 93
67 99
68 77
68 81
68 96
70 82
70 94
71 77
71 89
72 76
72 81
73 83
76 98
77 85
77 86
77 87
78 81
78 94
80 85
81 89
83 85
83 94
84 88
84 93
85 86
86 91
86 99
87 97
87 98
88 92
88 95
90 94
91 93
91 95
93 96
94 96
