500
0 1
0 2
0 3
0 4
0 5
0 6
0 7
0 8
0 9
0 10
0 11
0 12
13 1
13 14
13 15
13 16
13 17
13 18
13 19
13 20
13 21
13 22
13 23
13 24
13 25
13 26
13 27
13 28
13 29
13 30
13 8
13 31
13 32
13 33
13 34
13 35
13 36
13 37
13 38
13 39
13 40
13 41
13 42
13 43
13 44
13 45
13 46
13 47
13 48
13 49
13 50
13 51
52 1
52 14
52 15
52 20
52 53
52 54
52 55
52 56
52 57
52 58
52 59
52 60
52 61
52 62
52 63
52 64
52 65
52 66
52 67
52 68
52 69
52 39
52 70
52 71
52 72
52 73
52 74
52 75
52 76
52 77
52 78
52 79
52 80
52 81
52 82
52 83
52 84
1 14
1 2
1 15
1 16
1 53
1 21
1 85
1 5
1 86
1 87
1 88
1 59
1 60
1 28
1 89
1 90
1 91
1 92
1 93
1 34
1 37
1 94
1 95
1 96
1 97
1 70
1 98
1 99
1 100
1 101
1 42
1 102
1 103
1 104
1 105
1 106
1 48
1 107
1 108
1 109
1 110
1 111
1 112
1 113
1 114
14 2
14 3
14 16
14 17
14 18
14 4
14 115
14 53
14 54
14 22
14 116
14 117
14 118
14 119
14 120
14 121
14 122
14 123
14 65
14 124
14 89
14 125
14 92
14 126
14 68
14 127
14 128
14 129
14 130
14 131
14 132
14 133
14 134
14 135
14 136
14 137
14 138
14 139
14 140
14 141
2 17
2 19
2 22
2 142
2 58
2 143
2 123
2 29
2 144
2 145
2 146
2 147
2 148
15 3
15 4
15 149
15 86
15 150
15 151
15 152
15 153
15 154
15 155
3 115
3 21
3 85
3 116
3 156
3 57
3 121
3 157
3 143
3 88
3 158
3 159
3 160
3 161
3 162
3 31
3 163
3 34
3 164
3 97
3 71
3 153
3 165
3 166
3 44
3 167
3 168
3 169
3 105
3 170
3 106
3 171
3 172
3 173
16 118
16 120
16 174
16 59
16 175
16 176
16 177
16 178
16 179
16 180
16 181
16 182
16 183
16 100
16 184
16 185
16 186
16 187
16 188
16 189
16 190
16 191
16 192
16 193
16 194
16 195
16 196
16 197
16 198
16 199
17 18
17 115
17 200
17 119
17 142
17 201
17 202
17 203
17 204
17 205
17 206
17 207
18 19
18 20
18 85
18 117
18 118
18 157
18 208
18 201
18 209
18 210
18 162
18 124
18 211
18 212
18 213
18 214
18 215
18 216
18 94
18 151
18 217
18 165
18 218
18 219
18 220
18 221
18 43
18 222
18 223
18 224
18 225
18 193
18 226
18 50
18 114
18 227
18 207
19 119
19 228
19 229
19 152
19 230
4 231
4 100
4 232
4 233
4 195
20 55
20 200
20 234
20 149
20 121
20 235
20 58
20 25
20 158
20 236
20 62
20 63
20 162
20 66
20 150
20 237
20 238
20 239
20 240
20 241
20 37
20 216
20 242
20 243
20 244
20 245
20 246
20 247
20 248
20 249
20 250
20 251
20 252
20 253
20 254
20 255
20 256
20 257
115 54
115 234
115 56
115 142
115 235
115 236
115 231
115 64
115 211
115 258
115 31
115 259
115 260
115 261
115 262
115 242
115 263
115 98
115 264
115 44
115 251
115 265
115 266
115 136
115 267
115 268
115 269
115 270
115 198
115 271
115 84
115 272
115 51
53 273
53 159
53 7
53 209
53 231
53 274
53 275
53 150
53 241
53 276
53 277
53 278
53 279
53 280
53 108
53 255
53 281
53 282
54 174
54 283
54 141
21 55
21 156
21 57
21 210
21 284
21 285
21 125
21 286
21 287
21 288
21 32
21 289
21 263
21 243
21 290
21 291
21 129
21 73
21 292
21 45
21 253
21 204
21 190
21 108
21 293
21 294
21 295
21 296
21 199
22 116
22 234
22 157
22 61
22 28
22 297
22 298
22 299
22 152
22 244
22 132
85 117
85 200
85 25
85 144
85 284
85 213
85 69
85 215
85 38
85 300
85 301
85 79
85 295
55 156
55 6
55 201
55 275
55 258
55 91
55 302
55 217
55 41
55 303
55 304
55 305
55 190
55 306
55 307
55 308
55 309
55 207
116 5
116 56
116 120
116 209
116 62
116 310
116 145
116 163
116 311
116 74
116 312
116 313
116 314
116 296
116 197
117 23
117 161
117 315
117 40
117 72
117 316
117 199
200 26
200 273
200 317
200 160
200 65
200 93
200 318
200 319
200 311
200 320
200 321
118 322
118 323
118 35
118 324
118 325
5 159
5 29
5 326
5 327
5 328
5 329
5 330
5 331
5 332
5 290
5 333
5 334
5 335
5 336
5 337
156 6
156 23
156 317
156 7
156 338
156 126
156 322
156 339
156 167
156 188
156 254
156 340
156 171
156 341
234 26
234 211
234 92
234 240
234 342
234 343
234 344
234 345
234 165
234 346
234 305
234 347
234 348
6 235
6 208
6 122
6 89
6 349
6 155
6 348
119 317
119 274
119 124
119 350
119 286
119 351
119 322
119 330
119 151
119 352
119 249
119 46
119 353
119 271
119 282
56 208
56 24
56 87
56 354
56 339
56 243
56 42
56 355
56 356
56 357
56 84
56 358
56 359
57 149
57 174
57 87
57 236
57 284
57 175
57 286
57 147
57 263
57 153
57 360
57 361
57 129
57 264
57 74
57 362
57 363
23 347
23 189
120 212
120 364
149 354
149 329
149 104
149 365
149 366
149 267
149 321
142 122
142 182
142 367
121 238
121 368
121 248
121 369
121 370
121 371
121 358
157 372
157 294
157 373
235 86
235 338
235 258
235 327
235 67
235 330
235 127
235 361
235 374
235 356
235 139
235 206
235 50
86 24
86 88
86 375
86 63
86 144
86 160
86 376
86 239
86 33
86 218
86 377
86 75
86 378
86 132
86 379
86 170
86 110
86 194
86 380
208 27
208 315
208 30
208 33
208 265
208 381
58 39
58 218
58 77
58 320
58 268
174 307
24 273
24 288
24 382
24 383
201 67
87 143
87 123
87 210
87 338
87 384
87 94
87 250
87 385
25 158
25 228
25 350
25 68
25 166
25 386
25 387
143 375
143 27
143 64
143 178
143 368
143 388
143 133
143 389
143 390
143 391
143 392
122 237
26 61
26 393
26 223
26 394
273 395
273 380
88 375
88 310
88 396
88 397
88 196
88 398
236 228
236 354
236 214
236 344
236 170
236 399
317 60
317 175
317 350
317 90
317 384
317 298
317 397
317 335
317 400
159 237
159 176
159 232
159 279
159 401
123 274
123 382
123 104
228 402
228 324
228 295
228 281
7 164
59 382
59 344
59 349
60 403
60 332
60 404
209 395
209 405
209 288
209 406
209 131
209 407
209 250
209 408
209 409
209 410
209 134
209 191
209 411
209 109
209 198
61 145
61 342
61 412
61 291
61 413
61 408
61 414
61 415
61 268
61 197
61 416
61 321
354 395
354 351
354 394
354 203
62 417
62 418
375 326
375 328
375 419
375 40
375 345
375 377
375 394
375 171
375 418
375 420
375 421
27 403
27 368
27 367
27 226
210 90
210 326
210 422
210 423
210 10
210 264
210 265
231 424
231 166
231 130
231 425
231 370
231 426
231 366
231 325
63 405
63 291
63 128
63 300
63 427
28 66
28 212
28 428
28 421
28 429
29 285
29 384
29 180
29 262
29 430
29 186
29 334
29 431
29 417
29 381
29 411
29 78
29 226
144 215
144 383
144 374
144 233
64 69
64 343
64 417
160 310
160 287
160 328
160 319
160 360
160 425
160 432
338 161
338 433
338 329
338 181
338 147
338 130
338 112
338 357
284 376
284 422
284 352
284 283
284 434
284 435
284 436
161 285
161 30
161 433
161 302
161 437
161 299
161 438
161 439
161 131
161 43
161 103
161 277
161 440
161 187
161 364
161 441
161 340
161 442
161 443
274 315
274 35
274 260
274 377
274 444
274 445
162 275
162 424
162 229
162 318
162 446
162 219
162 447
162 441
65 146
65 179
65 261
65 430
65 389
65 448
66 259
66 437
66 361
66 449
285 8
285 424
285 241
285 259
285 409
285 293
285 141
124 238
124 403
124 423
124 404
124 98
124 183
124 221
124 73
124 224
124 186
124 333
124 334
124 450
124 451
89 125
89 289
89 437
89 164
89 452
89 290
89 450
89 453
89 359
275 177
275 229
275 454
275 219
275 99
275 220
275 103
275 248
275 355
275 455
275 192
275 415
275 456
275 429
275 416
275 457
275 363
275 387
310 111
310 458
175 331
175 423
175 398
315 343
315 459
315 407
315 460
211 10
211 410
211 426
145 91
145 180
145 390
145 173
258 227
150 176
150 302
150 406
150 461
150 462
150 463
150 464
350 178
350 9
350 452
350 332
350 383
350 252
350 460
30 433
30 318
30 245
30 184
30 464
212 434
212 246
212 465
8 297
8 298
8 168
8 408
8 371
8 139
8 140
237 376
237 466
237 355
237 467
237 12
237 83
395 422
395 95
395 96
395 242
395 41
395 386
395 333
395 400
395 468
125 351
125 406
125 323
125 128
125 469
125 230
286 177
286 146
286 323
286 311
286 399
286 112
286 470
90 279
326 126
326 179
326 244
326 360
326 471
326 187
326 303
326 203
326 455
326 257
326 472
433 405
433 287
433 213
433 38
433 97
433 11
433 438
433 462
433 312
433 455
433 336
433 366
433 473
433 474
376 327
376 36
376 434
376 444
376 475
376 428
376 79
376 476
376 477
91 214
91 93
91 478
91 479
91 340
351 239
351 261
351 378
351 293
31 127
31 246
31 480
31 481
177 222
327 431
327 389
384 99
384 247
126 32
126 482
126 466
126 483
126 456
126 387
405 240
405 484
405 77
403 362
287 182
287 419
287 220
287 412
287 444
287 312
287 485
287 154
424 297
424 292
422 12
328 216
328 461
328 324
328 392
328 282
239 101
239 449
239 486
239 154
239 420
239 314
239 477
239 269
302 475
302 133
302 415
288 70
288 412
288 369
288 370
288 306
288 372
288 140
67 217
67 222
240 163
240 396
241 342
241 487
241 373
382 251
382 432
406 289
406 319
406 278
406 304
406 488
406 489
146 431
146 335
163 449
163 106
163 445
32 331
32 249
32 464
214 320
214 436
93 181
93 365
93 385
93 341
93 416
93 51
93 481
329 448
329 81
329 348
68 378
68 148
229 451
69 419
69 72
69 309
180 425
180 247
180 78
259 459
259 148
259 270
259 490
322 9
322 448
322 137
330 468
181 459
181 491
289 388
289 134
289 113
323 303
323 107
342 299
342 393
342 224
342 169
437 485
34 276
34 440
34 442
34 468
297 339
297 283
297 446
297 304
297 110
297 492
297 457
297 272
35 36
331 479
36 296
36 309
423 96
423 260
423 352
423 101
423 396
423 447
423 471
423 266
423 114
423 488
298 407
9 95
9 440
9 493
9 205
9 463
318 393
318 225
318 189
318 492
318 301
299 487
38 379
182 428
182 385
182 49
216 452
216 454
216 439
216 266
452 454
452 11
452 409
452 390
452 458
452 470
94 446
94 223
319 484
319 202
319 485
319 420
319 325
39 262
39 467
39 253
39 196
39 472
96 185
96 426
96 429
151 493
151 82
454 221
454 451
454 267
260 345
261 71
419 484
262 404
262 276
262 438
262 413
242 225
263 489
343 478
352 107
352 480
404 494
404 380
368 439
368 169
368 46
368 337
290 486
290 138
97 365
152 245
152 495
283 466
283 494
383 482
71 462
71 474
344 482
344 447
446 471
446 45
446 252
345 413
98 388
98 367
98 469
153 495
165 386
165 47
165 336
165 353
165 271
127 102
127 113
218 232
41 76
41 432
41 496
244 475
244 135
276 136
311 183
311 47
183 292
183 359
99 202
99 80
220 167
220 111
220 358
221 346
221 473
434 102
434 105
434 402
434 497
11 430
11 300
11 483
166 467
101 206
246 495
129 486
129 308
129 481
438 397
42 427
439 76
439 294
232 254
232 138
232 227
396 494
396 205
73 155
130 185
130 421
102 364
102 492
131 362
131 195
43 277
292 457
459 465
425 373
103 469
103 414
44 184
44 461
44 356
44 191
167 193
247 427
249 374
250 256
393 460
393 230
393 488
482 369
482 498
104 75
444 280
369 435
369 498
75 496
75 498
440 483
440 173
184 379
184 410
184 476
222 168
222 381
222 349
222 411
222 80
222 499
386 280
362 233
413 172
223 135
388 478
365 435
365 496
365 194
365 443
168 278
461 470
224 441
224 450
224 497
367 313
265 391
447 188
408 402
408 172
449 392
169 465
471 346
471 347
467 48
467 314
187 272
303 305
346 256
188 493
486 418
77 316
409 301
460 456
253 473
402 81
312 497
370 453
370 49
254 445
374 476
374 391
374 82
374 474
225 479
225 401
394 414
394 491
279 313
279 480
279 489
340 109
304 137
266 204
266 399
266 281
435 499
189 372
385 357
233 270
494 491
107 316
107 442
107 443
134 192
190 453
450 477
191 400
316 306
171 353
192 307
192 363
193 308
324 341
469 401
451 463
485 337
78 487
230 371
230 257
230 83
230 436
313 255
420 499
111 269
372 398
155 458
463 490
257 490
269 472

0 0.12057192147055923 -0.052046819889157936
13 -0.010251962930351303 -0.059661023934778484
52 -0.19807656229727524 0.048986358127324006
1 0.03786567197436725 -0.16594258808329485
14 0.10259944992831059 0.06579883523015904
2 -0.12586163783074789 0.049248204176206595
15 -0.09241385727278005 -0.026557771337458125
3 -0.018102755387848328 -0.09988519683595257
16 0.2095687925951771 -0.28533550952023007
17 0.09132494051764253 0.2232273941733731
18 0.10836920599249952 0.17083214239948943
19 0.14884621489058872 0.28964659036212387
4 0.3879212018195092 0.1421172594281588
20 -0.11012760281271827 0.21171096355303887
115 0.021597485926410843 0.27947286761713325
53 0.12148393887800478 -0.17847507677433377
54 0.046589984575652284 0.38500062033093185
21 0.184557571539703 -0.057499359189753144
22 0.03729418707024502 0.0012753891147644335
85 -0.08041880666337743 -0.00993022109083711
55 0.23707344308452355 0.17061842760998133
116 -0.0790596580144151 -0.19987298946702645
117 0.14796896719763417 -0.025140503502346197
200 -0.14661816281544499 -0.10783165185133996
118 0.3084414003843642 -0.12560323088483305
5 -0.22689158155175657 -0.19715345947669882
156 0.23855442091183315 -0.014031749567861226
234 -0.06641306444457594 0.47281708300892505
6 0.2083769517229453 0.33616824814874413
119 -0.018093087630435756 0.16257297820419045
56 -0.12996552942791734 0.19429444233287405
57 0.0047296808361823005 0.0884740088641778
23 0.4705940647073259 0.03519179460785109
120 0.0986244913622469 -0.2761103439307968
149 -0.3615546923648533 0.08339565354922607
142 0.15966950278652883 0.3923343925610807
121 0.018130129217922106 0.23772197769851777
157 0.25083405496648753 -0.23546787310627848
235 -0.26791734279098367 0.2500874301449008
86 -0.3633626501735424 -0.061351871627728385
208 -0.08468754476175354 0.40702107651298436
58 -0.4431021281056291 0.28179984604196756
174 0.5780466267777294 -0.017924210466680367
24 -0.31212670746830873 0.06341863303229157
201 0.3406192706944001 0.5401636464911069
87 -0.1285181830189398 -0.0670132562226807
25 -0.05145296469666306 0.08648902341807327
143 -0.29472042470234133 -0.09873412075037771
122 0.16475606082306046 0.5406426088002155
26 -0.14767464647235742 0.15739326049220492
273 -0.3679402859441265 -0.39286641643243697
88 -0.24862806044826494 -0.30444099891969983
158 -0.36436933608562594 0.20183509569249009
236 -0.02627526458510725 0.43740481106929013
317 0.027152183163119757 -0.30276212621821647
159 0.20678941000473147 -0.026373674861444086
123 -0.2670062911903901 0.28787496706617466
228 0.49710388771768405 0.08959732797922837
7 0.5600742937097954 -0.36982811944353644
59 -0.013931561911151306 0.005809946136421121
60 -0.29960853067611154 -0.07262482258899962
209 0.16030308475799487 -0.21372628393941634
61 -0.19924037756439708 -0.28088220575528156
354 -0.504258512844317 0.3960040549916796
62 -0.47856447384174994 0.15461246156028788
375 -0.5867127171086751 -0.12601748489127396
27 -0.30023143593471846 0.3093865408324541
210 0.21320349854170767 0.29203639044524876
231 0.26738183406790034 -0.2077454073607325
63 -0.42377237827682285 0.0016228869176149244
28 -0.1279332206100229 -0.2505788505989838
29 -0.3610352943002164 -0.1858070771226316
144 -0.5044173097587138 0.36223462355706754
64 -0.38521168178746146 0.3592339285210009
160 -0.34797366972487176 -0.3516598931428566
338 -0.21453884527953565 -0.26268930778662736
284 -0.14048896535338165 0.3295996796521932
161 0.10766950966419889 -0.41906927910410435
274 -0.314364333607569 0.17188010596596295
162 0.317472225482552 0.16158001198464544
65 -0.33172703573291634 -0.026507659838550142
66 -0.41849889764218606 0.17781025038415865
285 0.26773951738878415 -0.13880050622855264
124 0.09831937808631018 0.3315230051817616
89 0.32452637537760576 -0.07545666138340346
275 0.5050717656189372 -0.04610598508449966
310 -0.28955016563997593 -0.7395609816095492
175 0.3160266881331634 -0.3338039702699602
315 0.20916458722579032 0.6537802418757691
211 0.36626315424115996 0.4475813964805589
145 -0.1261064512581293 -0.524259199651688
258 0.1242673298861792 0.621183414558555
150 0.18547336707552414 -0.14526149692918977
350 0.2570155772864909 0.07377828620273882
30 0.0007490369256791804 -0.3402454102242058
212 -0.3298209857150973 0.29549116251686525
8 0.3588769646144148 -0.03672257576625031
237 -0.2128645375692845 0.4670612636796311
395 -0.19580131623242228 -0.16782617956775292
125 0.4348666415174411 0.16727571369905558
238 -0.1700763063245025 0.6617449566609263
286 0.23268128598937288 -0.1821815717539511
90 0.3921930342230983 -0.30999140877438175
176 0.4924316903892303 -0.5535890308992365
326 -0.06845201107976237 0.20273921721669755
433 -0.23585402351131804 -0.548728892650341
376 -0.6534141620065539 0.06685970032781054
91 0.38364171394207525 -0.12583959195096703
351 -0.21041037844179383 0.5794424331206008
31 0.13746290996881524 0.14667571558192816
92 0.22220714768123503 0.14196833471253367
177 0.588976748654832 -0.31101930354230006
327 -0.762391841551207 0.026508043677462057
384 -0.4396231799694326 -0.4939880709748945
126 0.37408945193087223 0.25878048457119557
405 -0.45281424371604573 -0.4489249303719198
403 -0.16101038064413195 0.7446718348771616
287 -0.18023315197067552 -0.46420915420471764
424 0.7572191693648049 0.01808937978257039
422 -0.3294439771625517 0.6749643518879073
328 -0.3853940500298256 -0.5181179423559368
239 -0.5492153095905004 0.2770778297914671
302 0.3561305189336139 -0.3727749217599119
288 0.30630905204280523 -0.27754211706361376
213 -0.2960885506355275 -0.14150199812166875
67 -0.3701858042602664 0.5172601515496817
240 -0.44636334395371996 0.40842986397459163
241 -0.0702012988259534 -0.1822633214101489
382 -0.709808256108357 0.1997564518347948
406 0.6231321970863718 -0.2027671307534876
146 -0.5315908677778607 -0.39054425547562394
163 -0.48480067372501223 -0.10494855719070713
32 0.3211504698125037 -0.1894314809737362
214 0.1927372184275477 0.5755092882662479
93 0.10770039899341091 -0.3546092164577232
33 -0.5108235024756267 0.13327298410623098
178 0.17224289347474533 -0.6244391236522765
329 -0.6867460336647819 -0.017455845778374935
68 -0.20296091815414957 0.38378101091837463
229 0.7431492746161691 0.328402213075603
179 -0.07459293915166969 -0.5616802718412975
69 -0.5734859350337428 0.21083981994640447
215 -0.07672789950476679 0.5975633796172278
180 -0.22690037237217048 -0.6197770239454334
259 0.010392405673072768 0.6092384468900665
322 0.5069460195929728 0.25293270879148144
330 -0.5703102485337365 0.038811392455916006
181 -0.28464464604732254 -0.4380844171102363
289 0.7176122002373946 -0.15678111601660752
323 0.791037129931769 -0.09158111735833513
342 -0.17886816332972796 0.31377382268528736
437 0.00710732258140765 -0.6912832326529244
34 0.007029795550903106 -0.4038026872941871
297 0.5757816807691182 0.20429566645024433
35 -0.35222276082752557 -0.2935075460982731
339 0.49610005836463245 0.4696540882282146
331 0.2175195159891634 -0.7361392399978279
36 -0.4510542520803917 -0.05220244618716276
423 0.3789247763126517 0.4032204791218964
298 0.617656368114356 -0.3468127807027146
9 0.6990939815665218 -0.006798765990120513
164 0.3677620355401606 -0.5036116480788199
37 -0.18492662424128234 -0.019185949347547675
318 0.5554387653954844 -0.17795099215979834
147 -0.548694459719426 -0.0965010070388563
299 -0.05068958605924292 -0.7208114265575148
38 -0.35713823991849836 -0.4419535408239297
182 0.1041860964989493 -0.6863440742121047
216 0.12226485184351114 0.02822245812055923
452 0.4752344981414625 -0.41429370450611225
10 0.6771657582069202 0.4059378436825
94 0.29192543968480145 0.10132174267547475
95 0.24203081671534996 -0.5177818773896555
319 -0.1345675328700583 -0.6776343270493101
332 -0.6244321838760241 -0.39453502310507305
39 -0.44484724959502103 0.04397679713837621
96 0.4227088279999298 -0.23626304471302637
151 0.1380342897429623 0.46465868330047183
454 0.7297194175112524 0.1664609449319489
260 -0.10927739080060209 0.7026349849597
217 0.3997569589823441 0.5859766604999354
261 -0.44161926725937417 0.5584604013670769
419 -0.7774579756894339 -0.47016529957710745
262 -0.48901226373530743 -0.009961360429564343
242 0.02130645201686407 0.4797277666519265
263 0.4228768190773288 0.3069322536774168
343 -0.1194370742376088 0.9095439073915967
243 0.09138548379963868 0.41909958551211773
352 0.4212601247883855 0.5076793796941835
404 -0.555539582310732 0.4791001173256729
368 -0.6608609280772036 -0.09082901466293096
290 0.052674109659054266 -0.25388531706101874
97 -0.11978663165232555 -0.4788298575154548
152 -0.12923233386739733 0.5848362223126625
40 -0.44002574518714055 -0.332405228357628
283 0.08234453723639518 0.8194253264492335
484 -0.5822894250299128 -0.8857469833342435
70 -0.13955913849480475 -0.3472823203244254
383 -0.4181532828699082 0.7179063837644378
71 -0.44769587169830005 -0.1940019397915928
344 0.1558133247971447 0.7662790225357573
446 0.6625970620473675 0.4501908289837756
345 -0.7062695305154939 0.4493392717350923
98 0.301308040220823 0.20047516855029532
153 -0.22394323269966207 0.29149577955129136
165 -0.23402251344855646 0.11580084624520375
127 0.33043219335985335 0.07823468519648098
218 -0.18030264419711056 0.49167546401746515
41 -0.16653569008975697 -0.2897574649493908
244 -0.30998299113859995 0.46758108836127366
276 0.08509079206118929 -0.6757716137948455
311 0.09276650242252983 -0.5464746684306762
360 -0.6222537697642655 0.1457662589353778
219 0.6243559984793622 0.31912141207838257
183 0.6026023046008111 -0.22657961142176708
99 0.1953736456777483 -0.45362851818886013
220 0.36326920352663805 -0.004381358781049489
245 -0.48787504411091004 0.47332107182485345
412 -0.13497647522152625 -0.8675056375341942
221 0.2763788757246939 0.5771125688076831
361 -0.5396638270480733 0.5354094670555117
72 -0.6333793637196183 0.1124379260767559
434 -0.6525377415376576 -0.18013461628354288
291 0.010099435986360449 -0.5371106099337042
11 0.0706616522093466 -0.7625390085671031
128 0.3169732711095912 0.39673077616172997
430 -0.5974031002136041 -0.6221117616628747
100 0.32041074134075487 -0.5458091440113373
166 -0.28251100257512274 -0.3702101042481354
101 -0.07752025961113852 0.2867258587151962
246 -0.36932056721729917 0.6416220228973418
129 0.312637126155277 0.2722888525235172
438 -0.25244212481028216 -0.8130217895169061
42 -0.27142751443688024 -0.2055393468889151
439 -0.14419203079424886 -0.6471721382092768
232 0.458596583397311 0.6259192891280007
396 -0.18225460111137873 0.695990341199286
264 0.12357658836928308 0.6897890045364384
73 0.06857436465249805 0.24823514040113503
130 0.06892550859410443 -0.40003055305381463
102 0.09150897011725866 -0.5808230935744852
131 0.439482147608629 -0.16805013159005755
43 0.17396892607333608 -0.2917447948554547
292 0.7963916160898682 -0.22447347187576272
377 -0.8351463834615004 -0.02117831267762914
459 -0.24202184242781996 0.8477990302940064
425 -0.06698718431509951 -0.8689307696646738
202 0.5265696859035163 -0.4609820155089728
407 0.8167365040175713 -0.005576381966228058
103 0.3353601544015378 -0.426062324662784
44 -0.10633516807305103 -0.13736785753572095
74 -0.4345872493636333 -0.22956207494362957
167 0.4778342303592483 -0.25677171104220864
247 -0.6315149050390584 0.023098956845838774
277 0.2972055623625959 -0.7138590047710279
248 0.25446742943721357 0.4786952838323117
249 -0.2797259829282339 0.47871035158952063
250 -0.3290107186481392 0.251912724646569
393 0.6174487138474736 0.5104519549858485
482 0.0035831668997238202 0.9358204101631588
104 -0.4404244910884883 -0.29014038017813093
444 -0.7491882435622449 -0.3738092611626416
369 -0.24423578252688055 0.7194004339466883
75 -0.7312578740949959 0.14449754928772232
440 0.49182989309152564 -0.7079083108169487
397 -0.3732788440739698 -0.8247232763889912
184 -0.07932889112671007 -0.6444621276796932
251 -0.2589325139991073 0.6117451764526648
466 0.25336083080315874 0.9019861275432639
475 -0.8106707312970151 0.24293658388070885
222 -0.15321763195696217 0.26003382086744725
386 -0.6576970495984761 -0.23343722403397943
362 0.31246464423062437 0.6353886392181666
76 -0.612503087587954 -0.2866982953451133
413 -0.822399371424053 -0.22894852659658482
300 -0.5024386355910077 -0.5457428595888356
378 -0.7687945131685787 0.340022928814095
223 0.24264855824910245 0.641097226286452
388 0.6123980860650218 0.3508974812514631
365 -0.5356240292634273 -0.4837267334319612
168 0.2317351655543337 -0.40416327017612824
461 -0.027605033449237603 -0.7952145075532281
185 0.4594207908557429 -0.7514509617305676
355 0.3553165204465294 0.6118579271645967
278 0.5872870303924034 -0.6122410009887672
224 0.0813797302229363 0.5219866318541883
495 -0.3829790378575514 0.9213563485632147
367 0.5333131762442345 0.6243269456252706
265 -0.04291002468825109 0.7622165442355407
478 0.7039885286944095 0.6201272429714678
447 0.6779160558012594 0.544360579946165
408 0.03705200810656996 -0.6649235907325458
449 -0.933217256311382 0.0945553049981189
169 -0.5393246248669755 0.1003895784497681
186 0.18037534114353407 -0.48851304622000197
333 -0.5138007528983884 0.1941377503058371
105 -0.2351233393916627 -0.43140464620840113
471 0.4092744554170708 0.8068804747455919
465 -0.6751374325878594 0.6886546171291072
428 -0.5767778095574584 -0.6402392152648214
467 -0.7984094042735181 0.0864888774599585
462 -0.33080607429654596 -0.8007648525020814
187 0.45222157138476343 -0.3259753476335177
303 0.559201586944062 0.4777324193268726
132 -0.21439922322122862 0.1675304659008596
346 0.03602692384120826 0.9710559740893266
45 0.48849207964351504 -0.07437804042386072
379 -0.6626147367139156 -0.5640675399676309
188 0.7492912613405803 -0.17269068406874305
486 -0.5757303462849321 0.6161515450613154
77 -0.5823800511284137 -0.17536855078836922
252 0.05611703086445078 0.6707713183941664
409 0.6211330972884261 -0.5476303823547601
46 -0.46173918890984234 -0.14578212717939623
460 0.6923116385487099 0.6506310192586692
253 -0.24662115094065823 0.1672125319565541
402 -0.634307029189791 -0.5941950591806131
312 -0.46968779518846704 -0.6603675718754388
334 -0.5614964001839233 0.2425132653114042
364 0.19516132144548445 -0.8822007860339576
483 0.7976809923208199 -0.49786765669003985
148 -0.4642506290797319 0.6841125114286823
370 0.6488156214763234 -0.3069908172798863
431 -0.91301528042943 -0.37117994180761593
254 -0.017219443728380586 0.5721683434565639
133 0.4066125610280307 -0.04958516991799465
374 -0.8014062240656472 0.2890626571687324
389 -0.8865528765853571 -0.10548107071736411
225 0.646549486401597 0.26776304712406224
394 -0.8366306597191259 0.05254174536500002
170 -0.491853882426267 -0.16584239916388507
479 0.8887276068134474 -0.31129271457302043
47 -0.2749504504064932 -0.5029190281590823
335 -0.40220963744851024 -0.725388160883411
441 0.7053608708455017 -0.22551328771114362
106 -0.16050295942647774 -0.4772258822741082
203 -0.22341925689379377 0.7543533550028362
279 0.7028175246943081 -0.27277697202962153
340 0.5436684574215168 -0.5857695976665844
304 0.8098443244139891 0.2102488143848937
266 0.5122740375065865 0.44175728879473614
435 -0.7466233425096571 0.4427815624233819
356 -0.6796435000576161 0.38090974205937733
320 -0.6552796317553543 0.4984238590221124
48 -0.19894600771065438 -0.41399749610588554
305 0.4240424416801504 0.7326287111882753
448 -0.7649147657671466 0.36849344298934883
417 -0.8799632247982059 0.13082169688224232
347 0.2839456919831285 0.8683719481613287
204 0.6659675851241017 0.23040898656593345
189 0.6986122447109345 -0.5227576280688966
385 -0.21800833160080013 -0.825808696616857
233 -0.05263257543966168 0.8982663051691024
494 -0.524304492240856 0.8672287915149146
107 0.4164606297186605 -0.44223975445489666
410 0.6631881200595064 -0.4370276028627799
455 0.31854152905319616 -0.5841548069777606
280 -0.20203152582788503 -0.7716796134626881
134 0.5832737274766262 -0.05328018697538104
190 0.5859381741764432 -0.13564326944277372
450 0.10203044838277366 0.7588206868880074
191 0.34072113072664534 -0.6511453365565857
135 0.3085299191708526 0.5380399494575003
381 -0.750207086280575 0.3003929986492793
316 0.7019216045629338 -0.36702288496272245
171 -0.3655158113984599 0.010311223388153573
400 0.03067690761580658 -0.9017103651846089
192 0.776070999272923 -0.31822344510771894
193 0.577152753337535 0.04779939177705616
324 0.30262021235744063 -0.7576693992306764
12 -0.14624703298006847 0.7901969329508796
349 0.24769296047746697 0.7325643731806076
426 0.8726581653347572 -0.04133514150069141
136 0.3683105185707564 0.3467284205226154
432 -0.7402517184094505 -0.550059361433972
496 -0.9099388797180852 -0.32300530912173187
469 0.8852311509776195 0.04317424015202271
411 -0.2703521571055336 -0.6699185527673954
336 -0.5910753569519801 -0.5126575265189003
451 0.7256166435464418 0.6052642124942951
137 0.5773348092123882 0.3653308817799715
108 0.29734447390182933 -0.4083174857909284
485 -0.24855794403738887 -0.9435449179561562
442 0.28813441253766797 -0.8831621815457621
414 -0.4559115684279616 -0.7481591092563242
78 -0.570970720939885 -0.3274413512671305
390 -0.1682078927462044 -0.8411314788007029
418 -0.9431413926668079 0.22388730054295192
230 0.2988199738108283 0.7425242052304962
493 0.9576790627432327 0.20081556350244498
313 0.6932704822463119 -0.06079203336507999
154 -0.7216718072556223 -0.23091528148799853
399 0.5710297651808895 0.6769316985108632
415 0.6385377602813035 -0.5357741800152326
109 0.2233922620164882 -0.6249307294987985
110 -0.045728003083269866 -0.39376357355796754
255 0.28761466236220423 0.3469900698786952
366 -0.3637642749283005 -0.6817829973935609
427 -0.9011871908513276 -0.2311665284774705
293 0.5959083951170575 0.15351337579222446
306 0.8228686552715732 0.10656075435964854
420 -0.8975157110204901 -0.14091385134989365
492 0.8817833968659105 -0.35212574645102035
325 0.4346041964452084 -0.7082374089656881
314 -0.7852810647881335 -0.17136156490596366
205 0.4547297636754987 0.7186027083850808
307 0.836458148711237 0.28728460081209156
371 0.5187768345011611 0.6865953267760515
301 0.5086179457365746 -0.6414938973142772
267 0.18015906469788798 0.6894094520114814
194 -0.3114271751662706 -0.6059228693386085
111 0.004825798726091676 -0.4717562648927238
487 -0.5485706148495622 -0.7649860085947449
480 0.8078872190982174 0.3724453859462223
268 -0.4233919961862218 0.4892964457963398
79 -0.628377237551668 0.22997021815138324
372 0.5829503489296886 -0.7155493220445455
453 0.9177100117714204 -0.25860593426734374
256 -0.35517964028858046 0.7318843981739647
195 0.699684656995336 -0.4976933387052034
155 0.6293725174211232 0.054192393709131724
294 0.5501621139928119 -0.5131772385348499
497 -0.9192860889872342 -0.0035187030428616836
476 -0.9456445840500711 -0.2098913355962305
226 -0.27288233793877414 0.5293175015209401
353 -0.4964131397104839 0.6022162860063421
477 -0.7972936297648054 0.5856628678534493
456 0.9100312905104361 0.2693542336958545
80 -0.6083109048022114 -0.03915551052069604
373 0.22366021378401202 -0.8563636061598471
391 -0.7824008645522954 0.5001475867054074
392 -0.8560124172716171 -0.4015164043677978
112 -0.002869635323985149 -0.6273678204074901
463 0.8035233070512713 0.4376683731201285
295 0.5787911361605826 -0.26842110148583925
257 -0.09151713278597877 0.7160956057907218
172 -0.351164623580059 -0.5661789323456765
296 0.16216174794132485 -0.5610383086883269
308 0.7053374695964734 0.47172173550181473
281 0.7798711008842636 -0.1211830240343229
196 -0.1462293466745746 -0.7227482529788783
421 -0.6594044925263141 -0.5253832238964838
269 -0.3591696375959013 0.5901007919180968
138 0.5047605559271512 0.3342941781724251
49 0.25641849668271466 -0.5858047896226047
139 0.1953398156493921 0.4486529481176625
140 0.598205152589797 0.09028655013072984
113 0.36834581157612667 -0.5756550561969952
458 0.43026310494211323 -0.8862545029140501
499 -0.9172748081854857 0.366957170191547
498 -0.6804583855960514 0.8029364777401261
81 -0.7516875920499866 -0.0745391918379538
429 0.7703115926477133 -0.3851554245134809
82 -0.5939021036126141 0.4198213578642218
401 0.9374770417579499 0.14418530683861874
270 0.1497100949804328 0.8645951446618125
341 0.6150137174210888 -0.5960775132677542
197 0.025460747191086545 -0.7365680720033889
416 0.45603409602171247 -0.6162114238484917
206 -0.29735470360314076 0.7371509264061701
473 -0.7026262868627295 -0.2734177198563202
491 -0.9803574676334905 0.18993073838466168
198 0.4245747584296256 0.024619849527202857
50 -0.06812771038180163 0.37446706690825415
271 -0.05156566735394474 0.7030019324930061
357 -0.6710079001810144 -0.4114747913501262
309 -0.016941589193247116 0.7355296191915024
445 -0.6992960351076268 0.5416277861556984
464 0.38260729302286006 -0.7561314901991548
470 0.531169668753036 -0.7909441870005773
348 -0.32573049912040475 0.7912017614183985
83 -0.39572309758415225 0.6069974739295214
114 0.403157753598349 0.0915348359893454
227 0.3605406331870551 0.7288852547975846
380 -0.8820868457792088 -0.07045489493796112
84 -0.32639208338457404 0.43916813852841224
457 1.0 0.0077777996304268055
207 0.45340718429461824 0.49011597406044694
272 0.5382113691665192 0.5192486913400324
51 0.20294755987406485 0.20529650015586176
282 -0.04195752069813142 -0.5822605873725725
173 0.17446676553884055 -0.665427015470702
358 0.031532123888725526 0.7501229114174266
472 -0.6542643429481432 0.59512045446944
436 0.11464341735163086 0.9544432801197834
321 -0.6902244126227712 -0.36817347335284256
468 -0.48403012976952076 -0.71306174020016
443 0.06250893530618049 -0.9053438937964761
337 -0.6240805973733192 -0.6659319491457921
363 0.7495054032765636 0.049184885742570315
359 0.6837279739165787 0.19632525025068237
488 0.9166580793749071 0.35470758029552435
141 0.5459777328459117 0.24282877539735911
387 0.7436870233462188 0.2583071273563314
490 0.3375441273186131 0.9669375770356209
199 0.5218705106598499 -0.4061141580457749
398 0.12574742715648887 -0.9116843705834838
481 0.7699324267866903 -0.035693507676149726
474 -0.8301220798818935 -0.4486166851506409
489 0.9857635521991873 -0.06322579738226061

