1000
0 1
0 2
0 3
0 4
0 5
0 6
0 7
0 8
1 1
1 2
1 9
1 3
1 10
1 11
2 9
2 4
2 6
2 7
9 10
9 6
9 7
3 3
3 12
4 10
4 6
4 7
5 7
5 13
10 10
10 6
10 7
6 6
6 7
7 7
7 14
15 15
15 16
15 17
15 18
15 19
15 20
16 16
16 21
16 18
16 19
16 20
22 22
22 18
22 19
22 20
22 23
24 17
24 21
24 18
24 19
24 20
24 25
24 26
27 17
27 21
27 19
27 20
27 28
17 18
17 19
17 20
21 19
18 18
18 19
18 20
18 29
19 20
20 20
30 30
30 31
30 32
33 33
33 34
33 35
33 36
33 37
33 31
34 35
34 38
34 37
34 31
34 32
34 39
35 35
35 38
35 32
38 37
38 32
36 31
36 40
36 32
37 40
31 31
31 32
40 40
40 32
32 41
42 42
42 43
42 44
42 45
42 46
42 47
43 43
43 48
43 49
43 46
50 50
50 48
50 49
50 46
50 51
50 52
44 44
44 53
44 45
53 54
53 46
48 54
48 45
48 49
48 46
48 55
54 49
45 45
45 46
45 56
49 46
46 46
46 57
58 58
58 59
58 60
58 61
58 62
58 63
58 64
58 65
59 59
59 60
59 61
59 63
59 65
60 66
60 62
60 63
66 66
66 61
66 65
66 67
61 68
62 62
62 65
62 68
64 64
64 65
64 68
64 69
65 68
65 70
68 68
71 71
71 72
71 73
71 74
71 75
71 76
72 72
72 73
72 74
72 77
72 78
72 76
72 79
80 80
80 77
80 78
80 81
80 76
73 73
73 74
73 77
74 78
77 77
77 75
77 81
77 82
75 75
75 81
75 76
81 81
81 76
81 83
76 76
76 84
85 86
85 87
85 88
85 89
85 90
86 86
86 87
86 91
86 92
86 88
87 91
87 93
87 94
87 89
87 90
91 88
91 89
91 90
93 92
93 89
93 90
92 92
92 94
94 90
94 95
88 88
88 89
88 90
89 90
89 96
89 97
90 90
90 98
99 100
99 101
99 67
99 102
99 103
99 104
100 100
100 101
100 67
100 105
100 104
100 106
101 102
101 107
101 103
101 104
101 108
67 102
67 105
67 104
67 109
102 104
107 107
107 110
107 103
110 103
110 105
110 104
103 103
103 104
105 105
105 104
104 104
104 111
112 112
112 113
112 114
112 8
112 115
116 116
116 113
116 114
116 117
116 115
116 118
116 119
113 117
113 115
113 119
114 115
114 119
117 120
117 118
8 8
8 120
8 115
8 119
8 121
120 115
115 118
115 119
118 118
118 119
119 119
122 122
122 123
122 124
122 125
122 126
122 127
122 128
129 130
129 123
129 124
129 126
129 127
129 128
129 131
130 130
130 132
130 126
130 127
123 132
123 128
132 126
132 133
124 125
124 126
124 127
124 128
124 134
125 127
126 127
126 128
126 135
127 127
127 128
128 128
128 136
137 137
137 138
137 139
137 140
137 141
137 142
138 143
138 139
138 144
138 145
138 141
143 143
143 144
143 140
143 146
139 145
139 141
144 147
140 145
140 141
140 146
147 147
147 148
145 145
145 146
141 141
141 146
146 146
39 39
39 149
39 150
39 151
39 152
39 153
149 149
149 151
149 70
149 154
149 153
155 156
155 152
155 154
155 153
155 157
155 158
156 156
156 70
156 153
156 159
150 153
151 154
151 153
152 70
70 70
70 154
70 153
154 154
154 153
153 153
160 161
160 162
160 163
160 164
160 165
160 166
167 167
167 161
167 168
167 163
167 165
167 169
167 28
161 161
161 168
161 79
161 169
168 162
168 163
168 165
168 170
168 52
162 79
163 79
163 169
164 79
164 169
79 79
79 165
79 169
165 165
165 169
169 169
171 172
171 173
171 174
171 175
171 176
171 177
171 178
171 179
172 172
172 111
172 175
172 177
172 179
172 180
173 174
173 111
173 177
173 179
173 181
173 182
174 176
174 179
111 177
111 178
175 177
175 178
175 179
176 178
176 179
177 178
177 179
178 178
178 179
179 179
183 183
183 181
183 184
183 185
183 186
181 187
181 188
181 95
181 184
181 186
189 189
189 190
189 188
189 184
189 186
187 190
187 188
187 185
187 186
190 95
188 184
188 186
95 186
184 184
184 185
184 186
185 185
185 186
185 191
186 186
192 192
192 193
192 194
192 195
192 196
192 197
192 198
192 199
193 193
193 200
193 201
193 196
193 198
194 200
194 201
194 196
194 197
194 198
194 202
195 203
195 200
195 197
195 198
195 204
203 200
203 196
203 198
200 200
200 196
201 198
196 197
196 198
197 198
198 198
205 206
205 207
205 208
205 209
205 210
205 211
206 206
206 212
206 209
206 213
206 211
212 212
212 209
212 214
212 210
212 211
212 215
212 82
207 207
207 210
208 210
209 213
209 214
209 210
209 216
213 214
213 211
213 217
214 214
214 210
214 211
210 211
210 218
211 211
211 219
220 221
220 222
220 56
220 223
220 224
220 225
220 226
227 56
227 224
227 225
227 226
227 228
221 221
221 222
221 229
221 224
221 225
222 229
222 224
222 226
229 223
229 224
56 56
56 224
56 225
223 226
223 134
224 225
224 226
225 226
226 226
230 230
230 231
230 232
230 233
230 96
230 234
231 231
231 235
231 236
231 96
231 237
231 234
232 233
232 238
232 237
232 234
235 236
235 233
235 237
235 234
236 233
233 237
233 239
96 234
238 238
238 237
238 234
238 240
237 237
237 234
237 241
234 234
242 243
242 244
242 245
242 246
242 247
242 248
243 244
243 249
243 245
243 246
243 250
243 247
243 251
244 244
244 249
244 252
253 253
253 249
253 247
249 247
252 252
252 250
252 247
252 254
245 250
245 247
246 246
246 250
246 247
250 250
250 247
247 247
255 255
255 136
255 256
255 257
258 259
258 136
258 260
258 261
258 257
262 262
262 259
262 260
262 256
262 261
259 136
259 261
263 263
263 136
263 256
136 256
136 257
260 261
256 256
256 261
256 257
261 257
257 257
264 264
264 265
264 266
264 267
264 268
264 157
265 266
265 41
265 267
265 269
265 157
266 266
266 270
266 268
41 41
41 199
41 268
199 270
199 268
270 269
270 268
270 157
267 267
269 269
269 268
269 157
269 271
269 272
268 157
157 157
273 274
273 275
273 276
273 277
273 278
273 279
273 280
274 274
274 281
274 282
274 276
274 277
274 278
274 283
281 281
281 276
281 278
281 279
281 284
282 282
282 276
282 285
282 278
275 276
275 279
275 286
275 287
276 277
285 277
285 278
285 279
277 277
277 278
277 279
278 279
278 288
278 289
278 290
279 279
291 292
291 293
291 294
291 295
291 296
291 297
291 298
292 297
292 299
292 300
292 298
293 296
293 300
293 298
294 294
294 300
294 298
295 296
295 300
296 296
296 300
297 299
297 301
299 299
299 300
299 298
299 302
300 298
300 303
298 298
304 305
304 306
304 307
304 308
304 309
304 310
304 311
304 312
305 307
305 308
305 309
305 310
305 311
305 312
305 313
305 314
306 306
306 310
306 312
306 313
306 315
307 308
307 309
307 313
308 313
309 310
309 313
311 311
311 313
312 313
316 317
316 318
316 319
316 320
316 321
316 322
317 323
317 321
323 29
323 318
323 319
323 320
29 318
29 321
324 325
324 326
318 319
318 320
318 321
325 327
319 319
319 320
319 321
320 321
321 321
328 328
328 329
328 330
328 286
328 331
328 301
329 332
329 333
329 286
329 334
329 301
332 332
332 330
332 334
332 331
332 301
332 335
333 334
333 331
333 301
330 334
286 334
286 331
286 301
336 331
336 301
334 334
334 331
334 301
331 331
301 301
337 338
337 339
337 340
337 341
337 342
337 343
337 344
338 339
338 340
338 345
338 343
338 344
339 345
339 342
339 343
339 344
339 346
340 340
340 158
340 341
158 342
158 343
158 347
341 341
341 345
341 343
341 344
345 343
342 342
342 343
342 344
343 344
343 348
344 344
271 349
271 350
271 25
271 351
271 352
271 353
271 354
355 349
355 356
355 351
355 352
355 353
349 356
349 357
349 25
349 353
356 351
356 352
356 353
357 351
357 352
357 353
357 240
350 350
350 25
350 351
351 352
351 353
352 352
352 353
353 353
358 359
358 360
358 361
358 362
358 363
358 364
359 365
359 366
359 363
359 364
360 360
360 362
360 363
360 364
361 367
361 365
361 362
361 368
367 367
367 363
365 365
365 364
366 362
366 364
366 369
362 362
362 363
362 364
363 363
363 364
363 370
364 364
371 372
371 373
371 374
371 375
371 376
371 377
372 373
372 378
372 379
372 380
372 381
373 374
373 378
373 379
373 375
373 377
373 382
374 378
374 379
374 383
378 379
378 384
378 385
379 376
379 380
379 386
375 377
376 376
376 377
376 380
377 380
380 380
387 387
387 388
387 389
387 390
387 391
387 392
135 135
135 388
135 391
135 392
135 393
135 394
388 388
388 389
388 392
388 393
389 395
389 390
389 394
395 390
395 391
395 396
390 392
390 393
390 394
391 393
392 392
392 393
392 394
393 393
393 394
393 397
394 394
398 398
398 399
398 400
398 326
398 401
398 402
403 403
403 399
403 404
403 405
403 401
399 399
399 406
399 404
400 406
400 405
400 402
326 326
326 404
406 406
406 404
406 405
406 402
405 405
405 401
405 402
401 401
401 402
402 402
407 408
407 121
407 409
407 410
407 411
407 412
407 413
407 414
408 410
408 412
408 413
408 414
121 121
121 409
121 412
121 413
121 414
415 412
415 414
409 410
409 413
410 410
410 414
411 413
411 414
412 412
412 414
412 416
413 413
414 414
417 418
417 419
417 420
417 421
417 422
417 423
417 424
418 418
418 420
418 425
418 426
418 427
418 421
419 420
419 426
419 421
419 422
420 425
420 426
420 422
425 423
426 427
426 422
427 423
421 421
421 422
421 423
421 428
422 422
422 423
422 429
423 423
423 430
431 431
431 432
431 433
431 434
431 435
436 437
436 438
436 386
436 439
436 434
436 435
437 432
437 439
437 433
437 434
438 439
438 433
438 435
386 439
386 435
432 432
432 434
432 435
433 433
433 434
433 435
434 434
434 435
435 435
440 440
440 441
440 442
440 443
440 444
445 445
445 446
445 447
445 443
445 444
448 448
448 446
448 449
448 442
448 444
446 441
446 443
446 444
447 442
447 444
449 443
449 444
449 450
449 451
441 442
441 444
442 442
442 443
442 444
443 443
443 444
444 444
452 452
452 453
452 454
452 455
452 456
452 457
453 454
453 455
453 458
453 456
453 457
459 459
459 454
459 460
459 456
459 457
454 461
454 456
454 457
461 455
461 458
461 457
461 57
455 455
455 457
458 460
460 460
460 456
460 457
456 456
457 457
462 462
462 463
462 430
462 464
462 465
462 466
462 467
84 84
84 468
84 469
84 430
84 464
84 465
84 466
468 469
468 430
468 464
468 465
468 466
468 470
468 471
463 463
463 469
463 465
463 466
463 472
463 346
473 464
473 465
473 466
469 464
469 465
469 466
469 474
464 464
464 465
464 466
464 475
465 465
465 466
465 476
466 466
466 477
478 478
478 479
478 480
478 481
478 482
483 479
483 480
483 481
483 482
483 26
483 484
479 479
479 485
479 26
479 484
480 481
480 482
480 26
485 486
485 482
485 484
481 482
481 484
486 482
486 26
486 484
482 482
482 26
482 484
26 484
484 484
484 487
488 488
488 489
488 490
488 491
488 492
493 493
493 494
493 495
493 489
493 496
493 491
494 497
494 495
494 489
494 496
494 490
497 497
497 495
497 498
495 489
489 490
489 492
489 499
496 496
490 490
490 491
490 492
491 491
491 492
492 492
500 501
500 502
500 335
500 503
500 504
500 505
501 501
501 502
501 335
501 503
502 502
502 506
502 504
502 507
502 508
509 509
509 335
509 503
509 504
509 510
509 511
509 512
506 335
506 513
506 504
335 513
335 505
335 514
513 504
503 503
503 504
503 505
504 504
504 505
505 505
505 515
516 517
516 518
516 428
516 519
516 382
516 520
516 521
517 522
517 523
517 519
517 382
517 520
517 524
518 522
518 523
518 525
518 519
518 382
518 498
522 523
522 519
428 525
428 382
523 519
523 520
525 519
519 520
382 382
382 520
520 520
315 526
315 527
315 528
315 348
315 529
106 526
106 530
106 527
106 528
106 348
106 529
526 526
526 530
526 531
526 528
530 530
530 531
530 527
531 527
531 348
527 532
533 533
533 529
528 528
528 348
528 529
348 348
348 529
529 529
534 534
534 535
534 536
534 537
534 515
534 538
535 109
535 539
535 540
535 538
536 109
536 539
536 540
536 538
536 541
109 515
109 540
109 538
109 471
537 538
539 540
539 538
539 541
515 538
515 541
515 542
540 540
540 541
541 541
543 544
543 545
543 546
543 131
543 547
543 548
543 549
544 545
544 131
544 548
544 550
544 549
545 546
545 131
545 550
545 551
552 552
552 547
552 548
552 550
552 549
546 550
131 550
131 553
547 547
548 548
548 550
548 549
548 472
550 549
549 549
554 554
554 555
554 556
554 557
554 558
554 559
555 555
555 560
555 557
555 559
555 561
555 562
288 288
288 560
288 558
288 559
288 562
560 561
560 562
560 563
560 564
556 559
556 561
556 562
557 557
557 559
557 562
558 559
558 561
559 561
559 562
561 562
562 562
565 565
565 566
565 368
565 567
565 551
565 568
565 569
566 368
566 567
566 570
566 569
566 571
368 567
368 551
368 568
368 569
368 571
572 567
572 551
572 570
572 568
572 569
572 571
551 551
551 569
551 571
551 202
570 568
570 571
568 568
568 571
568 573
569 569
569 571
571 571
574 575
574 576
574 577
574 578
574 579
574 580
575 510
575 576
575 577
575 580
510 576
510 581
510 582
510 578
510 579
510 580
576 580
581 581
581 580
581 583
577 582
577 579
582 578
582 579
582 424
578 578
578 580
579 579
579 580
580 580
583 584
583 585
583 586
583 587
583 588
583 589
583 590
583 327
584 584
584 585
584 590
584 327
585 585
585 591
586 588
586 589
586 590
587 591
587 588
587 589
591 589
591 590
591 327
591 416
588 327
589 589
589 590
589 327
590 590
590 327
327 327
592 593
592 283
592 594
592 595
592 596
592 51
593 597
593 283
593 598
593 596
593 51
593 599
597 598
597 514
597 595
283 283
283 594
283 595
598 514
598 595
598 600
514 595
514 51
594 594
594 601
595 596
595 51
596 596
596 51
51 51
602 603
602 604
602 605
602 606
602 607
602 608
603 609
603 607
603 608
604 604
604 607
604 608
609 606
609 610
609 608
605 610
605 611
605 608
606 610
606 611
606 608
610 612
610 613
607 607
607 611
607 608
611 611
611 608
611 614
608 608
615 615
615 616
615 617
615 215
615 618
615 619
616 616
616 617
616 618
616 619
616 620
616 621
622 619
622 620
622 621
617 623
617 215
617 621
617 624
617 625
617 626
623 215
623 618
623 621
215 619
618 627
619 619
619 620
620 620
620 621
621 621
182 182
182 628
182 629
182 630
182 631
182 507
628 629
628 630
628 631
628 507
629 632
629 633
629 507
632 631
632 633
632 507
632 634
630 634
631 634
635 635
635 507
633 633
633 507
633 634
634 634
636 636
636 637
636 354
636 638
636 98
636 639
636 640
637 638
637 470
637 641
637 98
354 354
354 470
354 98
354 475
642 470
642 641
642 98
642 639
642 475
638 98
470 470
470 639
641 98
98 475
639 639
639 475
475 475
475 346
521 643
521 644
521 645
521 646
521 142
521 499
643 644
643 647
643 648
643 645
643 142
644 644
644 647
644 648
644 142
647 647
647 280
647 645
280 648
280 142
648 649
648 645
648 142
649 649
649 645
649 204
645 645
645 646
645 142
646 646
646 142
142 142
650 651
650 652
650 653
650 450
650 216
651 159
651 654
651 655
651 653
651 216
159 159
159 216
159 640
654 653
654 450
654 216
655 655
655 656
655 657
652 653
652 216
656 653
656 450
653 653
653 450
653 216
450 450
450 216
216 216
658 658
658 659
658 660
658 661
658 69
658 662
658 663
659 660
659 664
659 665
659 662
659 499
660 660
660 664
660 662
660 663
664 661
664 663
665 661
665 69
665 499
661 499
661 663
69 499
662 662
662 499
662 663
499 499
499 663
663 663
663 97
666 666
666 667
666 668
669 669
669 424
669 670
669 667
669 671
669 672
673 424
673 667
673 668
673 672
424 667
424 668
424 672
670 672
670 674
667 672
671 671
671 668
668 672
668 674
672 674
674 674
674 675
676 322
676 677
676 678
676 679
676 680
676 681
322 682
322 677
322 683
322 680
684 684
684 682
684 679
684 681
682 677
682 680
682 681
683 683
683 678
683 679
678 680
679 679
679 680
679 681
680 681
681 681
685 686
685 687
685 83
685 202
685 688
685 689
685 690
691 686
691 687
691 688
691 689
691 690
686 687
686 83
686 688
686 689
686 690
686 55
687 692
687 688
687 689
687 693
83 690
202 202
202 692
202 688
692 688
692 690
692 694
688 688
688 689
688 690
689 689
689 690
690 690
695 696
695 542
695 697
695 698
695 699
695 700
695 166
696 542
696 698
696 699
696 191
696 700
696 166
542 191
542 700
542 166
701 701
701 700
701 166
697 191
698 191
698 700
698 166
699 191
699 702
191 191
191 700
191 166
700 166
166 166
703 703
703 704
703 705
703 706
703 707
703 708
703 303
704 704
704 709
704 706
704 707
704 708
704 240
704 303
627 709
627 706
627 707
627 708
627 240
627 303
627 710
709 708
709 303
709 711
705 705
706 708
706 240
706 693
707 708
708 708
708 303
240 240
240 712
303 303
713 713
713 714
713 715
713 716
713 717
714 718
714 715
714 716
714 717
714 719
714 720
718 384
718 716
718 717
718 719
718 720
384 716
384 302
384 717
384 719
715 302
716 302
716 717
302 717
717 719
717 720
719 719
719 720
720 720
721 248
721 722
721 612
721 723
721 724
721 725
248 248
248 722
248 723
248 724
248 725
248 726
722 722
722 723
722 727
722 728
612 726
612 728
723 728
724 726
724 727
724 728
725 725
725 729
726 726
726 727
726 728
727 727
727 728
728 728
730 730
730 731
730 732
730 733
730 734
731 735
731 736
731 733
731 734
731 737
731 738
735 735
735 739
735 732
735 170
735 734
735 740
739 736
739 741
739 733
739 734
736 732
736 741
732 732
732 170
732 741
732 733
170 741
170 733
741 741
741 733
741 734
733 734
734 734
742 742
742 743
742 474
742 744
742 745
742 711
742 746
743 743
743 747
743 745
743 746
474 729
474 748
474 711
474 746
729 729
729 744
729 746
729 749
729 11
748 711
748 746
744 745
744 711
744 746
744 750
747 711
745 745
745 711
745 746
745 751
711 746
746 746
752 753
752 754
752 755
752 756
752 757
752 758
752 759
752 55
760 760
760 754
760 757
760 758
760 759
753 753
753 755
753 759
754 755
754 757
754 758
761 756
761 758
761 759
755 757
756 759
757 757
757 758
757 759
758 758
758 759
759 759
762 762
762 763
762 764
762 511
762 765
763 766
763 764
763 767
763 511
763 765
768 768
768 766
768 511
768 613
766 765
766 613
766 769
498 498
498 765
764 764
764 767
764 613
767 765
511 511
511 613
765 765
765 770
613 613
771 772
771 773
771 774
771 775
771 776
771 777
771 778
772 772
772 779
772 773
772 774
772 775
772 777
780 780
780 779
780 601
780 775
779 773
779 774
779 777
601 775
601 776
773 773
773 774
773 776
775 776
775 777
776 776
776 777
777 777
750 781
750 782
750 783
750 784
750 47
750 785
750 786
781 783
781 47
781 786
782 784
782 787
782 47
782 785
782 786
782 788
782 789
783 786
790 784
790 787
790 785
790 786
784 47
784 785
787 785
47 47
47 785
47 786
785 786
786 786
791 792
791 793
791 794
791 795
791 796
791 797
798 792
798 794
798 624
798 795
798 796
792 792
792 793
792 795
793 793
793 624
794 624
794 797
624 799
624 795
624 797
799 795
799 796
795 795
795 796
796 796
797 797
778 778
778 800
778 553
778 801
778 802
52 803
52 804
52 805
52 553
52 801
52 806
803 804
803 553
803 806
803 802
804 800
804 805
804 801
804 802
804 807
800 805
800 802
805 801
805 802
553 802
553 738
801 801
801 806
801 802
806 806
806 802
802 802
97 97
97 808
97 809
97 810
97 811
97 812
97 625
813 813
813 808
813 814
813 810
813 815
813 812
813 625
808 808
808 811
808 812
808 625
814 814
814 815
814 625
809 815
809 811
809 812
810 810
810 815
810 811
810 812
811 811
811 812
811 625
812 625
625 625
816 241
816 817
816 818
816 369
816 819
241 749
241 818
241 369
241 820
817 817
817 749
817 369
749 821
749 819
749 254
818 820
818 819
821 821
821 369
821 819
599 369
599 820
599 819
369 369
369 820
820 820
820 819
819 819
822 822
822 823
822 702
822 23
822 824
822 825
822 826
827 827
827 370
827 23
827 825
827 218
827 524
823 702
823 824
823 825
823 218
823 826
702 824
702 218
702 826
370 825
23 23
23 825
23 218
824 826
825 825
825 218
825 826
218 218
218 826
826 826
828 828
828 180
828 108
828 12
828 829
828 600
830 180
830 831
830 832
830 108
830 82
830 829
830 600
180 108
180 82
180 12
180 600
831 831
831 108
831 12
831 600
832 12
832 600
108 12
82 82
12 12
12 829
12 600
829 829
829 600
600 600
57 472
57 833
57 834
57 770
57 835
57 836
837 11
837 838
837 834
837 770
837 835
837 836
472 472
472 770
472 835
472 836
11 838
11 770
11 835
11 839
833 838
833 836
838 770
838 835
838 836
834 836
770 770
770 835
770 836
835 836
836 836
840 841
840 842
840 228
840 769
840 843
840 512
844 844
844 841
844 228
844 769
844 845
844 512
841 769
841 512
842 769
842 845
842 843
842 397
842 512
228 769
228 845
769 512
769 347
845 512
843 843
843 397
843 512
397 397
397 512
512 512
846 846
846 847
846 848
846 849
846 710
846 850
846 133
846 851
846 381
847 852
847 849
847 853
847 710
847 850
848 852
848 849
848 710
848 850
852 854
852 849
852 850
854 854
854 850
849 710
849 133
853 710
853 850
853 133
853 640
710 850
710 133
850 133
133 133
855 856
855 857
855 858
855 859
855 860
855 861
856 857
856 788
856 859
856 862
856 861
857 788
857 860
857 861
788 863
788 858
788 860
863 858
863 860
858 859
858 862
858 861
862 862
862 860
862 861
860 860
860 861
861 861
864 864
864 385
864 865
864 866
864 867
864 868
869 869
869 385
869 870
869 868
851 851
851 385
851 866
851 867
532 532
532 870
532 866
532 867
532 868
385 866
870 870
870 865
870 867
870 868
866 866
866 867
866 868
867 867
867 868
868 868
346 346
346 871
346 477
346 872
346 476
346 873
871 871
871 477
871 872
871 874
871 476
871 875
219 876
219 872
219 874
219 476
219 875
219 873
876 476
876 875
876 873
477 873
872 872
872 874
872 875
874 476
476 476
476 875
875 875
875 873
873 873
694 877
694 878
694 879
694 880
881 881
881 882
881 879
881 883
881 880
882 877
882 451
882 883
882 880
877 878
877 879
877 880
884 878
884 879
451 879
451 883
451 880
879 883
879 880
883 883
883 880
880 880
885 885
885 251
885 886
885 887
885 888
885 889
885 737
885 890
251 891
251 314
251 889
251 737
251 890
886 886
886 888
886 891
886 889
886 890
887 891
887 737
887 890
888 891
888 889
891 889
891 737
314 889
314 737
314 890
889 737
889 890
737 737
737 890
890 890
892 893
892 416
892 894
892 895
892 896
892 563
893 893
893 894
893 429
893 895
893 896
893 563
416 897
416 894
416 895
416 563
898 898
898 894
898 895
898 563
897 894
897 896
894 429
894 895
429 895
895 895
895 896
896 896
896 563
563 563
712 28
712 899
712 900
712 901
712 902
28 28
28 903
28 901
28 396
28 902
807 640
807 901
807 396
807 902
899 396
900 903
900 396
900 902
903 640
903 901
903 396
903 902
640 640
901 901
901 902
396 902
902 902
904 905
904 906
904 204
904 907
904 908
904 909
904 910
904 254
905 906
905 907
905 909
905 910
905 254
906 284
906 910
906 254
204 909
204 910
204 254
907 284
907 908
284 284
284 908
284 910
284 254
908 909
909 909
909 910
909 254
910 254
254 254
289 289
289 911
289 912
289 13
289 913
289 914
911 911
911 915
911 916
911 508
911 913
911 914
915 916
915 912
915 508
915 13
915 913
915 914
916 13
916 913
916 914
917 917
917 912
917 914
912 13
912 913
508 913
508 914
13 13
913 913
913 914
914 914
918 918
918 524
918 919
918 920
918 921
918 922
923 923
923 467
923 920
923 921
923 924
524 925
524 920
524 921
740 925
740 467
740 920
740 921
740 924
925 919
919 921
919 924
467 920
920 920
920 921
920 924
921 924
924 924
926 927
926 928
926 287
926 929
926 272
926 930
927 928
927 931
927 287
927 932
927 930
928 928
928 931
928 933
928 272
931 287
931 929
931 930
929 272
929 932
929 930
933 932
933 930
272 272
272 932
272 930
932 932
932 930
930 930
934 934
934 14
934 935
934 936
934 937
934 938
939 939
939 940
939 14
939 922
939 935
939 938
940 940
940 14
940 487
940 937
14 936
922 487
922 937
922 938
935 936
935 937
935 938
487 937
936 936
936 938
937 937
938 938
471 471
471 148
471 941
471 942
471 943
471 944
945 945
945 148
945 941
945 946
945 944
148 941
148 947
148 942
941 693
941 942
693 947
693 946
693 944
947 946
947 943
946 944
942 942
942 943
942 944
943 943
944 944
948 948
948 949
948 950
948 951
948 347
948 952
949 949
949 953
949 951
949 954
949 952
950 950
950 955
950 347
953 290
953 955
953 347
290 954
290 347
290 952
955 347
955 952
951 954
954 954
954 347
954 952
347 347
347 952
952 952
956 957
956 958
956 959
956 383
956 960
956 657
957 961
957 959
957 383
957 381
957 657
961 958
961 959
961 383
961 657
958 383
958 381
383 960
962 381
962 657
381 960
381 657
960 960
960 657
657 657
839 963
839 964
839 965
839 966
839 967
963 964
963 968
963 738
963 966
963 967
964 964
964 968
964 965
968 965
968 966
968 967
55 738
55 751
55 965
738 738
738 966
751 965
751 966
965 966
965 967
966 966
967 967
239 969
239 970
239 971
239 972
239 973
239 675
969 969
969 974
969 970
969 971
969 972
974 975
974 973
974 976
974 675
970 970
970 675
971 976
972 975
972 973
975 976
973 973
973 976
973 675
976 976
976 675
675 675
977 977
977 978
977 979
977 980
977 981
982 982
982 978
982 564
982 983
982 614
982 981
978 979
978 980
978 564
978 981
984 984
984 980
984 564
984 981
979 614
980 981
564 614
983 983
983 614
983 981
614 614
614 981
981 981
985 985
985 134
985 986
985 987
985 988
985 573
985 989
626 626
626 134
626 986
626 987
626 989
134 134
134 986
134 573
986 217
986 990
217 573
217 990
217 989
987 988
987 990
987 989
988 573
573 573
573 990
573 989
990 990
990 989
989 989
991 991
991 992
991 993
991 789
991 994
995 996
995 997
995 993
995 994
995 998
992 997
992 789
992 999
992 998
996 997
996 994
996 999
996 998
997 998
993 999
993 998
789 994
789 998
994 994
994 999
994 998
999 999
999 998
998 998

0 -0.13397507231776853 0.31154685232397994
1 -0.15300175178576056 0.103774013308544
2 -0.1751546301803937 0.21207084466143386
9 -0.19503003626926707 0.17711422753528827
3 -0.10321291251932173 0.20228841168476205
4 -0.16494234377453912 0.29587577007391663
5 -0.1748132566078045 0.3514374129195375
10 -0.22422742009074545 0.2630590412924521
6 -0.24334516730409242 0.25028820625539233
7 -0.0993492045740659 0.36991279281944195
15 0.5181487330106072 0.13885467865002468
16 0.5159151468779706 0.17723868590981026
22 0.4431182338596181 0.09896192112161911
24 0.3933632529665263 0.20790029712110542
27 0.4281698227587407 0.07223847597938783
17 0.4839252350773011 0.11490487949138357
21 0.43592133393457366 0.17160131317469973
18 0.47164558229455 0.20425443615814864
19 0.4468634865469967 0.15469989412821572
20 0.42684332598954844 0.14052466077559103
30 0.2893838284113581 0.600747912139222
33 0.3168502328501732 0.5283962706694412
34 0.2934472419937727 0.4523526311161012
35 0.26863232768266865 0.4560832954379974
38 0.3143081458649035 0.42637294310264
36 0.24910538196453005 0.48866667391571317
37 0.33526693091284765 0.48608680370727825
31 0.2815810332297892 0.5459841678430547
40 0.36273686006250205 0.5592531564830926
32 0.2541151761288244 0.38288915148296515
42 -0.21832527749241756 -0.2941716428029071
43 -0.12058503237796327 -0.16535137233851285
50 -0.03531886733082242 -0.07370865518270937
44 -0.2142774706164835 -0.25191886247227374
53 -0.1697777834574284 -0.16889463486211467
48 -0.04898678898496334 -0.13108401894536992
54 -0.09851661765904594 -0.18792103490881937
45 -0.06127752940353356 -0.16995515057437166
49 -0.15747994727161216 -0.20368722338448744
46 -0.09732639243236138 -0.10955162195431076
58 0.024164311217169266 0.24598077467314777
59 -0.00831900763509582 0.3419951097637354
60 0.01949839282970248 0.3764289429566643
66 0.04795907753835896 0.28776667055767147
61 0.024922060973854524 0.31877978464928614
62 0.1190255255392407 0.3209731944432582
63 -0.010329891419966913 0.3785540532940199
64 -0.05452252974926879 0.1138114964379368
65 0.153342725843805 0.2410603613522537
68 0.09678168480665231 0.40483271193170095
71 0.25923968727143193 0.16556348146095942
72 0.19380245016064304 0.0842948806830513
80 0.2881405620136644 0.06101927045855744
73 0.2517779763437504 0.11882689570687494
74 0.28625110091937833 0.14825961466194856
77 0.2300265467028436 0.06704907114259011
78 0.35260333516280473 0.13149497402273475
75 0.3164925801951022 0.13252439692013995
81 0.2082440993465496 -0.010810911178709371
76 0.09124764761025786 0.05727398086762109
85 0.3411875072907779 -0.11778514680151786
86 0.43163910583572346 -0.060725557972854345
87 0.32871511339760745 -0.05345428031162453
91 0.39908464400766797 0.012397632147207342
93 0.3105919291825469 -0.029775543485923577
92 0.39683424728606237 0.09193789782770743
94 0.3649626396994315 0.16993927227167951
88 0.45733454246655 -0.025362551831587043
89 0.24407380851811555 -0.1442503120826335
90 0.3275663183139976 0.05349927511864447
99 0.09659495107388691 0.2199227153103674
100 0.026192696014105784 0.1672855437604112
101 0.07249758022273542 0.23040246093454708
67 0.05957590610650727 0.22364992808085168
102 0.1157428128481133 0.2696791334505088
107 0.14454010681266058 0.4371730155596768
110 0.13226689332146355 0.386374904533432
103 0.10333267111521295 0.32899933902276934
105 0.0698669925389762 0.3946036093077835
104 0.13308781877575712 0.29479909707016505
112 -0.18865611342154076 0.4789502170798084
116 -0.15514568911538498 0.5843064375201136
113 -0.12955682018549647 0.5752374934226597
114 -0.16304973004378867 0.5695643388364564
117 -0.18248378684609987 0.5728817213690734
8 -0.17535982093477856 0.40906763512126354
120 -0.16603406500349727 0.4831659868672582
115 -0.20340932395817907 0.5685061280677149
118 -0.18638438397828422 0.6457373651454363
119 -0.15032376713342413 0.4971234189473508
122 0.24557377440377948 -0.3446339905060566
129 0.15323889345631855 -0.31937516599054117
130 0.20223028337950366 -0.32552469656568456
123 0.22147363573343976 -0.4173823681582722
132 0.24484201521149668 -0.2652570041560172
124 0.22138708239376514 -0.35584117505634616
125 0.2565282119484195 -0.41031102074692843
126 0.21125528406805635 -0.25723198147371423
127 0.18604113702994948 -0.37974104368746525
128 0.19533921366477905 -0.35495690253858597
137 -0.3887176938041525 -0.08657143045451247
138 -0.4179439799851728 -0.041403454504657065
143 -0.4648681916353429 -0.006786261348553433
139 -0.4836656266148408 -0.12088701243445901
144 -0.3797023523022788 0.019124333884995317
140 -0.4673378933759022 -0.06334371480950678
147 -0.035646110578304926 0.1301209606499186
145 -0.5684566653825217 -0.1331214350074836
141 -0.45246553553562086 -0.09484486747284097
146 -0.6418713201706066 -0.12240914072633648
39 0.28298812768849896 0.37091884908583517
149 0.28900368439024576 0.30993769098285134
155 0.03829098005939942 0.2509798465859334
156 0.234699383775301 0.13369441432621423
150 0.4148798113740156 0.3458157712836259
151 0.23175468946977149 0.43353093321847813
152 0.22427579944921822 0.2942186912450018
70 0.23336648228633874 0.20831156091464417
154 0.19126997250159586 0.3841530167470266
153 0.2527938536990063 0.22601650748921126
160 0.26788923932322933 0.09552230423967516
167 0.2971189027885596 -0.03069869493720253
161 0.19454456764099687 -0.0008975351821884939
168 0.11997382296030673 -0.06678458521917621
162 0.16628054693996744 -0.03602573749931551
163 0.20450974478465891 -0.03177936862323613
164 0.3404845013361076 0.060323210544001984
79 0.22955989835556148 0.027350478168298668
165 0.20682616342767463 -0.04876824382826131
169 0.3022872614427233 0.0014090113888871204
171 0.22219421898438563 0.3450699456606449
172 0.1931965971130842 0.2531389206206551
173 0.1734489356429154 0.3884771474091999
174 0.24225030303699235 0.4967685835591544
111 0.18006260010948413 0.3162674000728115
175 0.24215914277251116 0.32855408403293945
176 0.24807878938358852 0.4235507094617112
177 0.22670317288918576 0.30685924863187514
178 0.22569384664454703 0.389194220221669
179 0.21112563313104732 0.4183204522376984
183 0.369983253002348 0.3998862387099229
181 0.2787102870208128 0.36891416759297074
189 0.37394315361891217 0.497316243922592
187 0.3340575765812107 0.3893620136425046
190 0.3860568702947292 0.4333545155644349
188 0.40705212813187575 0.40339906957417215
95 0.34863604360288614 0.28406396384767785
184 0.32905190613396884 0.4341767412378453
185 0.33403106313510555 0.3361400126849593
186 0.4138000172391772 0.33203125984409476
192 0.07442883148439705 0.07031116520162654
193 0.12965921980949235 0.11003500377205436
194 0.12798031271587032 -0.029456154314729168
195 -0.04854819963549172 0.056355764115508196
203 0.008664320138105757 0.07223645328162767
200 0.04299993507282021 0.00715505970947811
201 0.22670874637669336 0.10779241628816637
196 0.0777698354350502 0.10180224085988851
197 0.04331887019541353 0.017598950744761123
198 0.13206416138070246 0.04835429272767124
205 0.470595848472813 0.021765195700465277
206 0.3951545209915134 0.0021726518479646497
212 0.31803742886784886 0.013414463473883972
207 0.5304613815630249 0.08068718422179648
208 0.552814377435452 0.04039240804739314
209 0.3905572745562769 -0.01289706715738655
213 0.3863993829276913 -0.07297093721327187
214 0.36697390431933896 -0.01330116272635867
210 0.3473238396267542 0.02586773240794078
211 0.31796556521290664 -0.019325816493613417
220 0.02344774291739668 -0.3091166498167148
227 -0.13194922323380423 -0.09431553159736858
221 -0.00979168626965079 -0.41791467198156657
222 -0.057352739141158425 -0.36761080089078363
229 0.031229832447838918 -0.35212909677464316
56 -0.06436076483018874 -0.20115369098016248
223 0.13730437393830258 -0.35664084549662645
224 -0.08218682305285815 -0.24448652290479997
225 -0.10839064787775131 -0.3179867288957323
226 -0.06320219333870539 -0.33472082775684264
230 -0.14596670796680533 -0.2538362284442337
231 -0.03854218644843182 -0.19872002951025827
232 -0.005992978927664442 -0.1142565728198683
235 -0.15568729922610014 -0.21436865368911562
236 -0.2466227504301565 -0.27199235311177555
233 -0.24114249689615275 -0.19190998576071613
96 0.10481247259694246 -0.17746882503426234
238 0.09023751353803873 -0.08180237386046392
237 -0.10475890092231396 -0.147983651090632
234 -0.0015249704625379655 -0.1587126338511248
242 -0.37610918721456554 -0.19668096878664793
243 -0.34854388286807897 -0.27609562127361714
244 -0.4553128558215781 -0.19142053179542817
253 -0.48288624559705123 -0.2176851687663837
249 -0.42600854982232494 -0.24412338128552022
252 -0.35253958941009006 -0.08423327362597016
245 -0.3960217279645613 -0.2280293704050732
246 -0.4266153427626481 -0.31284342823500527
250 -0.4124446102796276 -0.2690618752425803
247 -0.41460814680789015 -0.1612181311389725
255 0.24557459069904805 -0.6167956162744861
258 0.29863577981822836 -0.513373457801283
262 0.2817704317613617 -0.6007209994017024
259 0.25234126011070673 -0.5322751754695271
263 0.20376611037729767 -0.5400895614251678
136 0.22224363239002415 -0.4646706225642547
260 0.33893871682519916 -0.5803668326601278
256 0.2354445431694481 -0.5432214913477033
261 0.346421113064748 -0.6495068237524053
257 0.2722104705646061 -0.5203524067755784
264 0.16007972591686076 0.3902497522512636
265 0.18266069883099695 0.3917569933264579
266 0.16632130361035957 0.33776586201523734
41 0.20559106588355844 0.28296007530898887
199 0.12941339268140217 0.19003809969666696
270 0.1299230409941686 0.24773702080911597
267 0.1846511036785087 0.4803395584156464
269 0.16517342407152816 0.24626060142520928
268 0.17673830908423507 0.301538980663657
157 0.08576596199691676 0.2871713497926635
273 -0.2803177910048642 0.15796711828190957
274 -0.23906532694669788 0.116857046775728
281 -0.28272623199267616 0.11828056044789599
282 -0.27924809571299186 0.19643242304715625
275 -0.18815352820473777 0.21104380203282816
276 -0.24149258159711365 0.16202648334711814
285 -0.3080987296526108 0.2232007709099094
277 -0.3045862777550124 0.16557547137964718
278 -0.2777769289501627 0.23704520949812946
279 -0.26308961567153916 0.19158761518323628
291 -0.12258097927918897 -0.2356625667408904
292 -0.033171521463736135 -0.276925741335898
293 -0.09345263311754268 -0.3301121692036347
294 0.04814003837264052 -0.34295697824458243
295 0.07060444304496001 -0.34968958352197244
296 0.02073010526877255 -0.34994395032141046
297 -0.1402281733116479 -0.12747145045260433
299 -0.05974376585457123 -0.24300634795731665
300 0.036135840342162315 -0.25270044345574855
298 -0.02154201072970458 -0.2864556136834579
304 -0.35023831132124894 -0.4079251621493808
305 -0.30512279092890504 -0.3804307794624829
306 -0.33913648407214436 -0.19537620002613373
307 -0.3922443942906024 -0.36134756251226546
308 -0.3792441505891758 -0.37631946660234045
309 -0.3639887512999224 -0.38787359380242875
310 -0.3400577371224572 -0.31295928073428625
311 -0.33543723214592847 -0.4735918911557881
312 -0.3264529675388876 -0.4314772357686704
313 -0.4053812450931538 -0.28079720632398725
316 0.6883752003942286 0.26459214801891356
317 0.7147040420086465 0.33272274711928834
323 0.643609600231058 0.33505126235026006
29 0.5491324816228116 0.2292400644755192
324 -0.6615301035569762 0.7654830429845854
318 0.6106668310901407 0.2690525475854329
325 -0.5010347987293734 0.5591329862361102
319 0.6581475026876884 0.2997281113588881
320 0.6884614481654596 0.3789122207719905
321 0.6237833652834943 0.23747792892602834
328 -0.2671073644668134 0.06498577329458456
329 -0.18274405253462914 0.10825323472730763
332 -0.16518186027180573 0.17413647749177222
333 -0.3061818105842959 0.1830869029801201
330 -0.21779498952104206 0.25787834046407765
286 -0.19606949062608275 0.13506538487822353
336 -0.4302487450899828 0.04346176198672555
334 -0.21615854401185502 0.19946274383071042
331 -0.2475367088908433 0.15136144958290107
301 -0.1942791704202593 0.02203560353937011
337 -0.003772312793963396 0.23416713557340244
338 -0.03778933802404162 0.3084741314548521
339 0.020509777943201978 0.14806088600950648
340 -0.04921887043829154 0.28111803928881207
158 -0.06834551715605963 0.2291821553627571
341 -0.05928931441617179 0.2622301103996763
345 -0.020604737369436243 0.21301120171370727
342 -0.02472481145647477 0.17976955029621547
343 -0.07133946210921895 0.1932111219784308
344 -0.028673382424842204 0.2055648277867555
271 0.22081611984403127 0.17598416174933784
355 0.3537879798133377 0.17110400395584427
349 0.27100883586864144 0.13818985533437633
356 0.4131930615892361 0.12185939020031038
357 0.25921130414211424 0.032939475153700444
350 0.28073037637870696 0.22234781428259193
25 0.3066205697491734 0.19006556582568904
351 0.3700432017782408 0.046794302418200706
352 0.3284502254953437 0.08397371895613293
353 0.3183379399270225 0.1080359747375364
358 0.28218092174988496 -0.3863483039468489
359 0.1819930014031364 -0.36727735790662247
360 0.2894664663147675 -0.40811091656837983
361 0.33668829802099404 -0.3625964130779632
367 0.38467956596897324 -0.34015133404312803
365 0.3072555459500248 -0.45579040713291374
366 0.06947658218138777 -0.3609972526485656
362 0.23364287713745754 -0.4560243725993284
363 0.31842672319043586 -0.3038747702327405
364 0.20791196575521959 -0.3760147850768746
371 -0.0021315252802181096 -0.4212275974876354
372 0.06672405528569371 -0.372614167102759
373 -0.03388112553734891 -0.333619789362651
374 0.09127143918003423 -0.4466331561302321
378 0.015148091384083162 -0.3772628326864724
379 0.018623414816188257 -0.4182360762603075
375 -0.09360765797849925 -0.3996095894179532
376 0.032666880394499234 -0.48886391555101794
377 -0.06141251723600093 -0.4110355241679038
380 0.0014032226158495213 -0.49353041523109986
387 0.35112451428969027 -0.09518284287769029
135 0.19579744272004904 -0.1339842568695078
388 0.2327766561029534 -0.07895790300060893
389 0.3622583624787928 -0.04925783673087438
395 0.30851860433559686 -0.06713895776527612
390 0.33282613333694316 -0.0258201919583177
391 0.22791676655980445 -0.062258717837816814
392 0.19922004840051857 -0.060562783961904156
393 0.12929073092942098 -0.021183039293688987
394 0.2405190847732525 0.02157023974709306
398 -0.709690726234915 0.8835037191408579
403 -0.8367854482072928 0.852884299524372
399 -0.7910871033338223 0.890214743321306
400 -0.7546463071091918 1.0
326 -0.702846919523016 0.8161449105623123
406 -0.7627229872399485 0.9293165655628386
404 -0.764891481939431 0.846387053102637
405 -0.8267347824544614 0.9586556744386913
401 -0.8993059058629829 0.8795472980973644
402 -0.7123771016724657 0.9544127429814661
407 -0.2984455991145521 0.5113571120678889
408 -0.35735099694129446 0.5409008320318598
121 -0.2547665813920165 0.45322522553622124
415 -0.40885362553822835 0.6851610982479119
409 -0.2715962379913608 0.5276270492225127
410 -0.3146726593454582 0.5839045281170044
411 -0.28820990021955767 0.5959157434949551
412 -0.3247850164764607 0.46427165985396857
413 -0.2500070632949969 0.5372787701201092
414 -0.3363478530941898 0.5809785138582824
417 -0.38041798930444226 0.10603497543622357
418 -0.4275052903790292 0.11814948462971823
419 -0.420520168332812 0.06037946500275957
420 -0.41696678130586584 0.14955414516390222
425 -0.3631417634506008 0.15367219177170344
426 -0.44138696814064 0.18712501267938314
427 -0.3658063150831078 0.17260127706410996
421 -0.338986385583579 0.023880847740207253
422 -0.35744945546649526 0.18811502445225112
423 -0.15560353623111461 0.14987508195383387
431 0.02215415113979274 -0.8144357276617601
436 0.03705625835522871 -0.5964587309231877
437 -0.015162602549579 -0.6745553107052099
438 0.05789033420176706 -0.6606280823371692
386 0.022159718567804156 -0.5180531467347708
432 0.02790699888299722 -0.7373300413363205
439 0.0033903970231104366 -0.5979652310254959
433 -0.038086475556401565 -0.8114781439034524
434 -0.016705328181151887 -0.7464897088833023
435 0.023586574767017022 -0.6697857997015976
440 0.8785686393728351 -0.09825263099868192
445 0.805952763051856 -0.037665344841485454
448 0.7437971211680318 -0.06551101871068758
446 0.8057577857055931 -0.06918388462114915
447 0.8622787896888062 -0.16702807508168643
449 0.599218697530321 -0.08301050706403079
441 0.8736129127847088 -0.0631626701929918
442 0.8729190214366938 -0.12621231664108679
443 0.7462464568391574 -0.08788545028545158
444 0.8113175272572538 -0.10526802408799664
452 -0.43313686532284085 -0.16135667422255967
453 -0.4149365733632935 -0.13499377559017345
459 -0.4205489353740057 -0.18517623755314758
454 -0.34222464895179733 -0.14818898628854563
461 -0.24254065047366996 -0.11014943754707851
455 -0.3259373011477147 -0.10965988684639527
458 -0.3206870248538666 -0.12916255539216476
460 -0.5115403129061672 -0.22193896030566593
456 -0.4113939025038187 -0.21164086851195474
457 -0.31494351593360953 -0.16062888203936163
462 -0.047073074873376586 0.05318794041416639
84 -0.006595876066127353 0.06568238850478265
468 0.03407789536208134 0.06641274726270807
463 -0.011328797772324055 -0.001237977402100261
473 0.002041014387695416 0.10562453074647496
469 -0.02754205853609698 0.010245684814519117
430 -0.0700936890968793 0.10446614460367747
464 0.046534206123602026 0.10007311790478679
465 0.016765898551137685 0.02843346320435887
466 -0.0073242055776451195 0.03469752033372691
478 0.472175771049255 0.41366852909864965
483 0.42787875682488846 0.40883085044377815
479 0.39354381183469256 0.4470255100060647
480 0.4572837234051665 0.34401381470353304
485 0.4086246300510637 0.41515513220090905
481 0.4062042129389154 0.43097500875676414
486 0.39561371235747606 0.35275213076961415
482 0.41694811387486297 0.3511929466807987
26 0.41779477961666156 0.2823098456415763
484 0.34697879594276476 0.4054881876954456
488 -0.3648285315785705 -0.28639337847994406
493 -0.34705407509989866 -0.2958047733389198
494 -0.3032659015976485 -0.28754047804941407
497 -0.27315782905296826 -0.24268805435864393
495 -0.3191497648748032 -0.24859981849990742
489 -0.28137697984483995 -0.22544586323905252
496 -0.3617940835233176 -0.35844905824552875
490 -0.3946184367845158 -0.33082145644682087
491 -0.4453092594885132 -0.334235314926271
492 -0.37976715821546475 -0.2538285974274858
500 -0.10249440390706029 0.25437738047786707
501 -0.13577976709267411 0.24816581172769067
502 -0.08510796232840204 0.36839016535783475
509 -0.19957767621449274 0.20318520123207048
506 -0.09728822725244511 0.27978946325995596
335 -0.11833623446537817 0.18509399072028226
513 -0.12835365053182463 0.25742156529653937
503 -0.1547419790704104 0.2915572010457814
504 -0.08300792641766436 0.31980304521352343
505 -0.016549162921133086 0.29403558507022554
516 -0.15865366685483395 -0.12459870358897328
517 0.04035665291691739 -0.05767994358708532
518 -0.13905638041778798 -0.1646531598606701
522 0.02466362950865113 -0.09821571404110657
428 -0.26008956007187944 -0.07299810568226939
523 -0.04150027031970651 -0.11175234812217831
525 -0.2466679878238644 -0.14514335604042497
519 -0.03032114666558304 -0.06027308873399269
382 -0.09595167379185641 -0.22079684372267636
520 -0.12221230135065599 -0.28965645535627976
315 -0.2796181958513677 -0.056810284074781156
106 -0.03742645919883841 0.06771223625161021
526 -0.14744506032980284 0.023708305841162864
530 -0.059572855191969844 -0.00024945021273433646
531 -0.09468697436920492 0.00994723316753163
527 0.0004450030208410458 -0.05195763689914144
533 -0.5757244393630426 0.07819942033719747
528 -0.2622369646035434 0.025608697320622976
348 -0.08527065870838109 0.12770105132236348
529 -0.34407625387987884 0.015119737854702258
534 0.08377656388743782 0.36173530150965844
535 0.04475772669257123 0.385326850505361
536 0.0726626539968733 0.28164301897640076
109 0.05979007471726792 0.1951490485319919
537 0.090587151447767 0.4631126657758042
539 0.05415687613129675 0.36330633150104436
515 0.08413579207118108 0.2635461776189918
540 0.03325136540043639 0.2865445511957227
538 0.05218967187486859 0.26558988456319277
541 0.08981481188284807 0.3428234887094468
543 0.01969901225098656 -0.23679404697415687
544 0.04015403989783924 -0.20727609040529157
545 0.12473767733350287 -0.25032386767237375
552 -0.016788492947643133 -0.23859869360408514
546 0.047514750262936674 -0.3327578977733991
131 0.08830837266064415 -0.2533499145158502
547 0.004538987718281514 -0.33886818176541933
548 -0.0158752671317422 -0.13863745469463756
550 0.07399514815350527 -0.29215805942722867
549 -0.010054993914280826 -0.3300312392776572
554 -0.46198168020700064 0.3685967439270618
555 -0.4968582960203559 0.31215906177467506
288 -0.3612508164130983 0.26283704273524
560 -0.4512274472035747 0.2640292535154355
556 -0.473733091665233 0.3435622158570648
557 -0.49144457723910345 0.3429896008337841
558 -0.4227223521528587 0.28310345717184726
559 -0.41228102159104707 0.3083391540741874
561 -0.5052955844844246 0.2882990634222798
562 -0.3877104342957617 0.3264461642494578
565 0.24283887963381426 -0.33270134080268676
566 0.30938023234743534 -0.3971073472366225
368 0.28169184674001896 -0.29438327815793136
572 0.2842990296246424 -0.2753800341433277
567 0.32062319375689385 -0.3747921311527742
551 0.2068431357785476 -0.2382255284185298
570 0.3440190817113544 -0.34618094279960915
568 0.3474062567432792 -0.291166034145875
569 0.23935775691205802 -0.29957010203884155
571 0.25595176872394004 -0.30182074309879947
574 -0.41829066883801563 0.2993135747617339
575 -0.3340683345682887 0.283470362932172
510 -0.29114060218102095 0.24466694498813496
576 -0.30684530451089453 0.30943886607421806
581 -0.32090829202568116 0.33609928911846354
577 -0.4510486237437371 0.22244430415050034
582 -0.374631112315924 0.20104617691803048
578 -0.4392228627575348 0.24119598117299804
579 -0.3574223850562131 0.24491703730102873
580 -0.33983377512132606 0.3003746675107489
583 -0.36414551739422024 0.4121025226406007
584 -0.4341370437288325 0.45463070844452813
585 -0.4518034499310739 0.43168773601662075
586 -0.42060979231261114 0.5610561179888732
587 -0.3630538698961817 0.4805979746839917
591 -0.42549386602204936 0.4758634319583257
588 -0.3841354730242892 0.5007462504794915
589 -0.390527757321331 0.4626256949680643
590 -0.3999214632654769 0.488643718282883
327 -0.45418606769501757 0.5106577283469436
592 -0.15721298727322797 0.012240237211989517
593 -0.09517655082028412 0.036569208778342875
597 -0.0547951473634355 0.17892440882562832
283 -0.17787839358153013 0.059257672790622454
598 -0.04035621356178568 0.11189642391765685
514 -0.08236884469083533 0.10332842699053219
594 -0.22986808455142088 -0.022201737761104692
595 -0.0883645824139751 0.062032740610175774
596 -0.13646266683446584 0.05705576856699169
51 -0.07673554311573785 0.005160808039491899
602 -0.6682905139459125 0.06031853999832608
603 -0.8014414445942185 0.05747262213044482
604 -0.7293863675226475 0.08448311288786216
609 -0.6759802051534701 -0.017408692425227933
605 -0.5963153944974816 0.0649987152149813
606 -0.602372324062724 0.010709759185189401
610 -0.5282886291166242 0.020261661960289366
607 -0.7036419226176887 0.1378454110109836
611 -0.6276330000258892 0.140313389866106
608 -0.6657945610869519 0.028097658136001295
615 0.4369183876170315 -0.17520489411553383
616 0.3711965003965476 -0.19089702352720195
622 0.5684537695686802 -0.33520705055685407
617 0.3929591598701041 -0.15479340575710193
623 0.3518233185379364 -0.1422184467781465
215 0.3587888928300612 -0.08307546573938526
618 0.2880346999577367 -0.17908085569836785
619 0.49830793061959844 -0.13849967722743947
620 0.4506540467927868 -0.2566499148994325
621 0.44289103087987985 -0.1488065590738356
182 0.08413140747468532 0.4486985840993354
628 0.11877285423991006 0.5232596041550899
629 0.08071371067462471 0.5261219157665407
632 -0.020030960605657733 0.5206452059256702
630 0.09678525184553852 0.5292504177665271
631 0.021380877456286043 0.5748599351818073
635 -0.04102442188400513 0.6057400738773911
633 -0.024194591457769095 0.6001678372014736
507 -0.0193987438522507 0.4362513415572456
634 0.043670980458578 0.5734479100132178
636 0.23550535180423487 0.034730409138659
637 0.18859677624795385 0.14357212858197882
354 0.1875226680489125 0.10401676370992093
642 0.18016926514928297 0.10931986397892897
638 0.3146081120885421 0.07024862612559227
470 0.12756926936357352 0.10005349863295125
641 0.24566535652412597 0.17999490866124765
98 0.2557626419961173 0.06607531015602743
639 0.28302736520381605 0.07798634565995183
475 0.120142305451 0.1114252861269596
521 -0.20927238427780753 -0.10718514742000765
643 -0.3369915820509467 -0.03681691810818033
644 -0.35404372051418614 -0.028164270665956257
647 -0.3235615039561481 0.018889843285061842
280 -0.3206848794947137 0.10026215714690434
648 -0.29726509453552097 0.01162750354368936
649 -0.23536532281812061 0.0051261418312650835
645 -0.2566042138112189 -0.05138716545985808
646 -0.34424190125193216 -0.09830409274811741
142 -0.2949193795117238 -0.0721291153552058
650 0.5492263318762131 -0.025001862133506716
651 0.3778829881050851 -0.06647359153359693
159 0.2784296264954906 0.01163027165296032
654 0.4575246802797752 -0.043160455029406374
655 0.4083117872931857 -0.17673427848832737
652 0.5875948437062115 0.015583112291315739
656 0.49557409981476375 -0.12705371841469795
653 0.5144785433586537 -0.011424607515257623
450 0.5266107655390253 -0.06746894992350526
216 0.46270190442572656 -0.013101525018084271
658 0.015507059090816205 -0.273904721576313
659 -0.16841606632038117 -0.24187810118904501
660 0.022360614267913973 -0.32171313705496507
664 0.095538485782914 -0.3904518886485248
665 -0.09441920179915546 -0.16765901031756789
661 0.022288414371456792 -0.24486788954964037
69 -0.10399289269564901 -0.06093429714875412
662 -0.10176375310353479 -0.25270180413214105
499 -0.17725645808078977 -0.16229350948468677
663 0.13585640700323898 -0.29555460045751186
666 -0.6697294469219057 0.12599499655632357
669 -0.5069586059930127 0.10402247836797567
673 -0.5892192331695555 0.11890274749181898
424 -0.4278772306447425 0.13175586407788212
670 -0.551028767664313 0.04357579444540574
667 -0.4959253674530197 0.12506026974725754
671 -0.5747527671150303 0.13982794097175083
668 -0.4980362286853916 0.14135780823326477
672 -0.48496642686158997 0.07314151488127518
674 -0.511318931399824 -0.0007069570705279263
676 0.8105152710901007 0.3259745821204139
322 0.7576997474282542 0.2885467159058011
684 0.8201988644468363 0.44078626765499146
682 0.7918766855901986 0.36871394956469633
677 0.8183766339760055 0.27888810858532065
683 0.8280579865319859 0.2497393919507563
678 0.8848825572376858 0.3118253503542329
679 0.9266695120254068 0.39008502057562705
680 0.8685547239846495 0.3647051429324194
681 0.8421576315401024 0.3985479974320617
685 0.1260608025203107 -0.14407419229910215
691 0.12789295077344243 -0.1937025149068602
686 0.07162823210031248 -0.14340408477963412
687 0.13895105232865695 -0.12065440437204715
83 0.15479071029864466 -0.10121601403796135
202 0.18846689938220446 -0.1398000930206419
692 0.23020071243322304 -0.14069775332128356
688 0.1567291089903071 -0.15590017261701258
689 0.11507174084921772 -0.16652641099176138
690 0.23253823809645516 -0.16088166353292044
695 0.2604593569478724 0.25951096564002796
696 0.29170449950338523 0.25040298215380563
542 0.1933112863850741 0.2709316259647347
701 0.4945182643922752 0.28086297764673446
697 0.4470572445759003 0.3342318826428269
698 0.35658057918652075 0.27634153361695013
699 0.36477717948051447 0.21072247414168185
191 0.2896825846139351 0.26856131283817813
700 0.3441856872998576 0.2979489192191174
166 0.30040211364846514 0.19697421370121557
703 0.1449519116492171 -0.19092807401409734
704 0.11464507689050785 -0.13672574550530825
627 0.192285207185813 -0.17485324276576783
709 0.03532366046068416 -0.15142148177495546
705 0.23994613467604087 -0.44095024360631635
706 0.16756420336948602 -0.1318151895377513
707 0.18095098350766964 -0.2149052258330498
708 0.1924944797272209 -0.19916422064755676
240 0.1766938087459169 -0.07299470181605368
303 0.09405510897770072 -0.19164689348783837
713 -0.13921184138369827 -0.5531374511966007
714 -0.10270608426333072 -0.5386107928629417
718 -0.07431532913040621 -0.4977545845821221
384 -0.04173718028262738 -0.41480843054459643
715 -0.1269585059013656 -0.4553611689997337
716 -0.11273883800012634 -0.46924034654734254
302 -0.08665185311613144 -0.3667664453784487
717 -0.07816312779993738 -0.44522133637372235
719 -0.05037143854380952 -0.5052464881698329
720 -0.1121007551783404 -0.6173364621070307
721 -0.36376528599702185 -0.08051657453455963
248 -0.365024114138359 -0.11520345709121332
722 -0.4419363387562149 -0.09273015852367554
612 -0.5149983602878775 -0.03911954479923637
723 -0.44713888993559386 -0.12050773913261256
724 -0.4345583292503236 -0.11285684109478251
725 -0.2743987749978727 -0.086667912116463
726 -0.4532547133742892 -0.07413245758675513
727 -0.5368848727971969 -0.12278091485944162
728 -0.5235665501217662 -0.08704615411550244
730 -0.002126786125865015 -0.304444393952482
731 -0.06357666962740367 -0.28928014591324963
735 0.06224617097481641 -0.11464356550887427
739 0.05364523572330726 -0.22864221563226078
736 0.016917176662385673 -0.2949548050395644
732 0.06800133563114176 -0.1957648622301654
170 0.11590113930414547 -0.13185271000030888
741 0.09591860719957171 -0.2555552511908132
733 0.15445981232118072 -0.22902054082733547
734 0.09150011276417666 -0.22606264737462897
742 -0.0932901228000635 -0.11298195610502121
743 -0.17920620602908985 -0.18511459039085387
474 -0.0791448608951698 -0.048551513372805104
729 -0.17320176505194157 -0.06446233566199519
748 -0.129769638387558 -0.07368951253391591
744 -0.1764315857338803 -0.15540130653703302
747 -0.08143921902628107 -0.19325432713858476
745 -0.1324874322663221 -0.20247983333317066
711 -0.059199471082467245 -0.12785253740299
746 -0.21170748083227084 -0.14483107255656738
752 -0.021988729564004092 -0.31077816803086333
760 -0.04142101953346015 -0.4982629027607425
753 -0.038622889653753344 -0.5214900051953822
754 0.009543247871122665 -0.5014245831032383
761 -0.012919620534279662 -0.5015562984125778
755 0.04258737638456162 -0.5155805231835141
756 -0.05630225134260093 -0.3883865953221777
757 -0.014816400435372277 -0.4108784859663603
758 0.012372391695980811 -0.4125760282469717
759 -0.030575072074890443 -0.4120668022757841
762 -0.38097193126107065 0.08125099820870371
763 -0.35490831801030254 0.08411824821879428
768 -0.2798427577644065 0.12332321302068891
766 -0.23063140464375412 0.06823919756001495
498 -0.22054400911095573 -0.179555587827525
764 -0.44906343454344827 0.08872921962598666
767 -0.40215125176585775 0.031117956072592965
511 -0.26398345879698815 0.18564061096127055
765 -0.21320990343786006 0.006017947248781241
613 -0.45669058817791147 0.04029805093106698
771 -0.04033157822961631 -0.3694469394710385
772 -0.09468650702267405 -0.44032437898830296
780 -0.3110634377288644 -0.2673265358176108
779 -0.21789149776724587 -0.3883158520632295
601 -0.2842984169493978 -0.15862694242980174
773 -0.14203982778534627 -0.36694152118830914
774 -0.11258379560644832 -0.4230113575540277
775 -0.20613653675958898 -0.39544074424877046
776 -0.23964898372062085 -0.2877003854359539
777 -0.1615306723643386 -0.4824361277321212
750 -0.24992431802551818 -0.25171600060041643
781 -0.4060800007284104 -0.3113289962542487
782 -0.2909593995368783 -0.3480180134502206
783 -0.3183415585507968 -0.2688675691282873
790 -0.3333219840462375 -0.37335976579428526
784 -0.3004375956174011 -0.31073595018112904
787 -0.3077775312030102 -0.40852126744089073
47 -0.25822443242070003 -0.3582288682223949
785 -0.27116800127484436 -0.3076729496225134
786 -0.37262423469182243 -0.3476005257607289
791 0.6208171433376662 -0.24832155865470415
798 0.5945829535059892 -0.31331651123007254
792 0.6056003610135334 -0.28499221017265436
793 0.5312318376467222 -0.2610017800183346
794 0.5455176017211927 -0.23952001556063832
624 0.4861047172017057 -0.1866692218470378
799 0.5625352106116938 -0.16331689490307108
795 0.5535332444346786 -0.21922891983230286
796 0.6365073616242916 -0.1942095158297315
797 0.5528810010287531 -0.18858208368039248
778 0.039191091294386145 -0.28003551381952485
52 0.04250298669379693 -0.1021722436375681
803 0.10246303499446074 -0.20574062688215566
804 0.10877646614420537 -0.11823681897480748
800 0.10863774324234676 -0.219717499904549
805 0.06738586454081133 -0.13111865003802264
553 0.0382786248534594 -0.19799856624588322
801 0.14867295976309827 -0.20043900668390993
806 0.11294821078325716 -0.32692448248255146
802 0.0941135969699092 -0.1871005486099556
97 0.25141729139286145 -0.25088661070460655
813 0.41753517846529953 -0.3476343972193936
808 0.34732323969647916 -0.2772299704655903
814 0.4644433004458245 -0.38473914492978356
809 0.31849671401515317 -0.3299445230024009
810 0.3351368547042897 -0.3230998730989824
815 0.3914629470605674 -0.4024032189258353
811 0.32746827631275366 -0.2647926978292479
812 0.39190480649183007 -0.36377341440855815
625 0.38612890279517553 -0.22848911147038928
816 -0.1668914633458321 -0.28849144257098613
241 -0.15438134009133242 -0.11766436045797495
817 -0.14844011482987035 -0.34712802808459653
749 -0.2024997792246563 -0.05610943957263562
818 -0.19864345457309998 -0.16422903621654955
821 -0.2523516673542409 -0.08213067502889884
599 -0.1349242250992667 -0.02965250841997727
369 -0.07631866512252174 -0.28488244919193945
820 -0.16827758085406266 -0.0940300622842834
819 -0.21392951353435938 -0.07264144652723967
822 0.458763473561998 0.026255383987662136
827 0.27865881288214944 0.031235123581654166
823 0.42195693633959847 0.050812092317132386
702 0.39591426824567005 0.1250136172216144
370 0.41274451006515395 -0.17329886689994395
23 0.3808358944020635 0.062221146774902855
824 0.48367265662872694 0.09735267419736003
825 0.4337367336593603 -0.047518111231004904
218 0.3481477741794725 0.06475619275677393
826 0.47993821577718226 0.13392768606729136
828 0.11164201632181417 0.1922974943910709
830 0.16166213171302898 0.14701597478332162
180 0.14968493315757855 0.16260635091797276
831 0.052767277218338925 0.17147900552966172
832 0.10337403227067399 0.16770983964750402
108 0.0850160734221152 0.18213050858198682
82 0.22837762420738647 0.0967355155522868
12 -0.012512345357214058 0.2092386194328528
829 0.08031095086329597 0.20628067863326713
600 0.048587768604233444 0.14577294266995083
57 -0.135434962544929 -0.07243970174271354
837 -0.2161454548645829 -0.03163513945799987
472 -0.062315310960707734 -0.04788170474553662
11 -0.15339829413196693 -0.008616156859803251
833 -0.2067622112248426 -0.018273525049942473
838 -0.1810772789252119 -0.008240881513099764
834 -0.1970243629991432 -0.086127916219523
770 -0.1419915650501506 -0.028003689023290625
835 -0.11992325966796916 -0.028661348382976338
836 -0.10153364248590852 -0.03467248268547334
840 -0.17444483444803394 0.08638169730495245
844 -0.20752145027658128 0.09525357600047328
841 -0.285536430523174 0.10355285325733127
842 -0.11147423175134623 0.12198734046178987
228 -0.1648761563665593 0.03884686609721626
769 -0.1625353678836748 0.12147570853190602
845 -0.15155108585684435 0.09624302193711051
843 -0.14454794488171202 0.2003053822789291
397 -0.00019886930189731917 0.06283759324197358
512 -0.16898693529845904 0.15688540649197638
846 0.2140831176643421 -0.282681206750845
847 0.28239943350800933 -0.22286176733944285
848 0.28682122122443376 -0.3370196287822446
852 0.3386336268083541 -0.2773702724656195
854 0.3784125061482366 -0.2520226144979114
849 0.29036267274222805 -0.2620489760829287
853 0.2678056615845291 -0.1446878798296977
710 0.23221614480102423 -0.20650529550445285
850 0.2993957315529662 -0.20091969606881022
133 0.25926243790173237 -0.22179348617560232
855 -0.5331080212820768 -0.4276600840297784
856 -0.46840078772173693 -0.39186052399079413
857 -0.5246073437982965 -0.44211786206996145
788 -0.380377500400287 -0.3850104574022815
863 -0.40004364608850695 -0.45598438524425355
858 -0.4338972104152597 -0.44322127375424797
859 -0.4916636748106601 -0.4888959948612261
862 -0.4579620846620064 -0.5202216110081612
860 -0.4566908965049546 -0.408039286334839
861 -0.5038467345356009 -0.477325254599903
864 0.08233939156034215 -0.4002764077394828
869 0.1097156404589046 -0.4069830013635079
851 0.1629558689197611 -0.3179153931494225
532 0.055201395353743875 -0.2015669169585988
385 0.08661205466371745 -0.3535653709300934
870 0.10832646649742403 -0.3222834306017081
865 0.14195134892218186 -0.45682829766489313
866 0.06136635793449125 -0.2954231984483596
867 0.13220739352254263 -0.2753655346415688
868 0.056104077175920565 -0.3148634720684365
346 0.05935547196540218 0.054191790641957616
871 0.10336496270604684 0.08550997858195297
219 0.23065468193449154 0.014764245408256084
876 0.17466195760994901 0.0173257247565941
477 0.031218747050831042 0.08859696896781263
872 0.13533555551716434 0.04365350218701949
874 0.17379456500660484 0.06498980948915224
476 0.08196462151048414 0.018720377457476803
875 0.17254324759200404 0.04749701763795473
873 0.13352249951753756 0.025815633259804925
694 0.33946559517962704 -0.18010644021570013
881 0.670552480368669 -0.2699073506991321
882 0.6086773747007423 -0.2632443596433027
877 0.5335627321131565 -0.2534014082870899
884 0.5507382126441368 -0.3994470681000093
451 0.62582955191198 -0.1452445650176484
878 0.44816589476383545 -0.2267055436196765
879 0.5898298661505669 -0.2943190309535959
883 0.6571090251549389 -0.20460690203423476
880 0.5999675795876728 -0.21574388100386327
885 -0.17128093861275548 -0.44927900581666025
251 -0.25333653357209085 -0.34177213396094186
886 -0.21581473824936903 -0.49788307125310044
887 -0.19876824173942723 -0.5145028189948844
888 -0.23849326956131073 -0.48884805713128954
891 -0.20865804200677512 -0.4116054484812889
314 -0.2311301467710625 -0.3736047014932219
889 -0.2595561656438617 -0.4357925169440789
737 -0.1623590462570132 -0.34674986646539546
890 -0.18120274124022057 -0.4233627609006404
892 -0.5008011909417031 0.3786246795546737
893 -0.434253079558988 0.3355532829290564
416 -0.387477775420974 0.4237422554673994
898 -0.47973057208177605 0.4042180377826888
897 -0.5055323236748562 0.40590073109053204
894 -0.42146288906067403 0.3678717116381333
429 -0.3978265254112364 0.2781480850894565
895 -0.4392783383255776 0.4118546301588272
896 -0.5556422682791237 0.4333717958122477
563 -0.46063227435186543 0.3142316560687836
712 0.266155182698687 -0.1086751668336903
28 0.3628799934763101 -0.0025700420137387656
807 0.19862640054913774 -0.08859988206137813
899 0.48719311796817616 -0.20722791926613351
900 0.3162686659200213 -0.10638062928188267
903 0.32419304215357597 -0.037385007071894134
640 0.2484541073584751 -0.045405422426442535
901 0.4170245555067584 -0.029742106435092376
396 0.33956296239623873 -0.06632542968004991
902 0.2877210011177738 -0.10996339711153172
904 -0.28934032680996086 0.05086172694421813
905 -0.3651841389861653 0.014533332889706603
906 -0.3426648548163268 0.07565452492164237
204 -0.17980387554708852 0.04044355498344696
907 -0.35322081038124375 0.04400444787831123
284 -0.2972658790708435 0.04281588936663045
908 -0.3524183624764368 0.06625560234690815
909 -0.4000349625734813 0.07048600748194687
910 -0.26047369122932085 0.05479934166401288
254 -0.2703903949700064 -0.027341901542284445
289 -0.26125233337160214 0.3181563457979507
911 -0.23192196857231626 0.39157056334013035
915 -0.19768144519967348 0.4305124646411138
916 -0.23587216176162207 0.46128337569560574
917 -0.2553300000161772 0.4750747359190185
912 -0.26975945167885235 0.39443435872533256
508 -0.14836194346351053 0.4132138078401631
13 -0.23082493445978153 0.35775403780703724
913 -0.21632639168776763 0.39508443939757415
914 -0.17660899725901663 0.48158853269001284
918 0.15134570431451352 0.22227765507095476
923 0.06632137255000284 0.12346689921646264
524 0.15358040172985515 0.009074088827774203
740 0.07343785117696913 -0.0019751490792163165
925 0.136643162024791 -0.023728037806611008
919 0.21465360564809438 0.2636431546685252
467 0.006311119782829936 0.045487921125686004
920 0.13180116788456916 0.08465401129279837
921 0.1686750021002029 0.17742721854000498
924 0.10986741775597565 0.11780733959571035
926 -0.01493478277485219 0.3499857228225643
927 -0.02731467585508543 0.4467598671430732
928 0.04068470510918227 0.40417206220313806
931 -0.06295529785711132 0.39334815718245336
287 -0.1080695352840651 0.31004803274206066
929 0.03199965174148996 0.3953010251660026
933 0.047943359288489154 0.49818208081320126
272 0.08300447066045508 0.33156863415683036
932 0.09144608427503365 0.4258254801605548
930 -0.001423164257908015 0.4561750321470886
934 0.026380188178323615 0.4838173183132737
939 0.06763439440503108 0.41123005864099893
940 0.0497103180143042 0.4692413204246308
14 -0.023037658355321705 0.4260475406635778
922 0.15263439048641836 0.34821666633859816
935 0.09166320722597927 0.5191514261752038
487 0.2501781349934553 0.3972261582146023
936 0.10463616210733029 0.6030859816162165
937 0.20080471973273523 0.42482819391708515
938 0.11946180604548162 0.4417199012860756
471 0.06652847162187515 0.10717398204629017
945 0.2891288945976169 -0.030546930608936318
148 0.062392993464338554 0.06885371442856446
941 0.10849455658342473 0.012182550330196565
693 0.1516224220798325 -0.07093700514113896
947 0.24734144751566497 -0.1004361851778093
946 0.23950673871462613 -0.07548435972883034
942 0.10491014220535852 0.07201044232276582
943 0.39468545674305594 0.08157616943118359
944 0.18356045121009645 -0.031576555593595665
948 -0.17623021329096064 0.2960305535506115
949 -0.2391322293741655 0.33626823982153836
950 -0.16380426893111596 0.27554294534013574
953 -0.1953212207357685 0.26167335368288824
290 -0.22690892209535946 0.232202140733063
955 -0.14686641726840202 0.29740837871066617
951 -0.21928377933182847 0.36456969072464795
954 -0.2038169041574154 0.2776270198163891
347 -0.15090513200102937 0.2112753271686967
952 -0.20745161295636838 0.259932845970366
956 0.3232384369904247 -0.4552029555349011
957 0.26298744634405385 -0.3849081785173993
961 0.3066827102507724 -0.4051066491448324
958 0.22933598578472583 -0.4198543701223922
959 0.30103010230751504 -0.4686506515261786
383 0.20667863318660365 -0.44754754288179077
962 0.34488408022189 -0.45567163856444876
381 0.1766457044073693 -0.3581171085079564
960 0.325941132698356 -0.39423552024612146
657 0.35896366907196553 -0.3115307057325227
839 -0.14450350742601828 -0.10165178566719943
963 -0.07392613255623415 -0.2514108719096312
964 -0.15922792352800064 -0.19604019356158564
968 -0.12257076236916398 -0.26888177041816397
55 -0.011336930908932162 -0.18355767989554883
738 -0.013792190701618658 -0.22828406702199874
751 -0.10550415737182144 -0.23293262674558404
965 -0.07805559461984014 -0.1737166542667426
966 -0.05805732100710619 -0.2368457625302304
967 -0.14177158692181302 -0.37836325964087514
239 -0.38327448446721496 -0.16510388159694978
969 -0.5667146757182856 -0.22667680365388673
974 -0.6386716241347378 -0.18289939902173105
970 -0.479515204131916 -0.19239163287766087
971 -0.5837751261612341 -0.19086238401519207
972 -0.5532633030425487 -0.26732130377045743
975 -0.6383060069907189 -0.2468190087461247
973 -0.4667787455639881 -0.22495998066675116
976 -0.6495817482533887 -0.14087920811082402
675 -0.4775935733964452 -0.0862225354635404
977 -0.6717052730604364 0.2984343785392997
982 -0.5919882632388269 0.3155851618122301
978 -0.6052006003482863 0.2923897145720935
984 -0.5846008220929941 0.3313349324955725
979 -0.676923551078057 0.23690117397585925
980 -0.7089708195827589 0.3895069646608473
564 -0.5405775125788947 0.26168861635816265
983 -0.6704824131438532 0.25206867234422037
614 -0.6062437944837629 0.21790877132046707
981 -0.6475357008906182 0.35851629335137863
985 0.36973122632531147 -0.3266066120899914
626 0.40065425860455783 -0.21394901840008598
134 0.26893869135440895 -0.3182904018872277
986 0.4145206148036702 -0.25789764247256786
217 0.39371215523920805 -0.17002992970095038
987 0.43645676224648605 -0.32289743332260956
988 0.4245705990770605 -0.3914244164550746
573 0.34948644909762827 -0.2453180069600632
990 0.42921932161635096 -0.23429147998257804
989 0.41658596550629956 -0.24579079688857342
991 -0.28513992602328336 -0.5312789138683428
995 -0.3616177943563535 -0.5896028655802364
992 -0.33879492494038244 -0.5118582076952892
996 -0.38595569312748823 -0.5766398322127724
997 -0.40965323824923555 -0.5527507445872105
993 -0.3024576717329391 -0.6120958789335259
789 -0.2978928159632662 -0.4468682893367164
994 -0.32042760967583345 -0.5215640736900732
999 -0.3404379496265196 -0.5982310357891825
998 -0.36179710024123946 -0.49211145453732896

