100
0 1
0 2
0 3
0 4
0 5
0 6
0 7
0 8
0 9
0 10
0 11
0 12
1 2
1 4
1 5
1 6
1 13
1 8
1 9
1 14
1 11
1 12
15 16
15 17
15 18
15 19
15 20
15 21
22 23
22 24
22 25
26 16
26 27
26 28
26 29
26 30
26 31
26 32
23 4
23 25
23 33
34 35
34 36
34 37
34 38
34 39
34 40
34 41
35 36
35 37
35 38
35 39
35 40
35 41
16 27
16 42
16 29
16 30
16 19
16 32
16 43
27 42
27 29
27 30
27 19
27 32
2 3
2 4
2 6
2 44
2 13
2 45
2 8
2 14
2 12
28 46
28 47
28 31
28 48
28 49
50 51
50 52
50 33
50 53
54 17
54 55
54 56
54 57
54 58
54 59
54 60
54 61
42 29
42 62
42 63
42 43
51 18
51 52
51 64
51 65
51 66
67 3
67 10
67 68
3 4
3 10
3 68
29 30
29 19
29 32
4 6
4 44
4 45
4 8
4 12
36 69
36 70
36 71
36 40
36 72
17 55
17 56
17 57
17 58
17 20
17 60
17 61
18 64
18 73
18 74
18 65
18 21
18 75
62 63
5 7
5 76
5 9
5 11
24 77
24 78
24 79
24 80
24 53
77 78
77 80
77 81
55 56
55 57
55 58
55 76
55 60
55 61
56 57
56 58
56 59
56 60
56 61
82 83
82 84
82 70
82 85
82 86
82 66
82 87
57 58
57 59
57 60
57 61
78 79
78 80
64 73
64 65
64 66
88 38
88 39
6 13
6 8
6 9
6 14
6 11
6 12
89 90
89 91
89 92
89 93
89 94
89 81
69 71
69 46
69 40
69 72
25 33
79 80
58 60
58 61
83 84
83 70
83 71
83 66
83 87
30 19
30 32
84 70
84 95
84 71
84 85
84 86
84 96
84 97
84 87
59 60
59 98
90 91
90 92
90 93
90 94
90 81
99 13
99 14
70 71
70 86
70 66
70 87
95 91
95 85
95 86
95 96
95 92
95 97
95 93
19 20
19 32
19 43
73 74
73 47
73 65
73 21
73 75
91 92
91 93
91 94
91 81
74 21
74 75
71 40
71 66
71 72
20 60
44 13
44 45
13 45
13 8
13 14
13 12
45 14
46 47
46 31
46 48
46 49
37 96
37 97
37 40
37 41
85 86
85 96
85 92
85 97
85 93
33 53
47 75
38 39
38 41
86 96
86 97
86 93
86 87
7 76
7 9
7 10
7 11
7 68
76 9
76 10
76 11
76 68
8 9
8 14
8 11
8 12
96 97
9 11
9 12
92 93
92 94
92 81
10 68
31 48
31 49
11 12
39 41
40 41
65 21
65 75
66 87
93 94
93 81
94 81
48 49
43 98
60 61
21 75

0 -0.86 -0.52
1 -0.89 -0.64
15 -0.4 0.43999999999999995
22 -0.050000000000000044 -0.92
26 -0.09999999999999998 0.95
23 -0.18999999999999995 -0.8
34 0.8400000000000001 0.54
35 0.8300000000000001 0.44999999999999996
16 -0.44999999999999996 0.76
27 -0.31999999999999995 0.94
2 -0.69 -0.78
28 0.20999999999999996 0.76
50 0.1100000000000001 -0.39
54 -0.81 0.17999999999999994
42 -0.69 0.96
51 0.06000000000000005 0.0
67 -0.43999999999999995 -0.36
3 -0.48 -0.44999999999999996
29 -0.42000000000000004 0.97
4 -0.55 -0.75
36 0.56 0.3999999999999999
17 -0.5800000000000001 0.25
18 -0.10999999999999999 0.26
62 -0.97 0.94
5 -0.98 -0.31999999999999995
24 0.24 -0.8
77 0.53 -0.65
55 -0.8 0.08000000000000007
56 -0.76 0.1399999999999999
82 0.52 -0.020000000000000018
57 -0.81 0.1100000000000001
78 0.30000000000000004 -0.84
52 -0.06999999999999995 -0.24
64 0.1100000000000001 0.19999999999999996
88 0.74 0.9099999999999999
6 -0.84 -0.69
89 0.8600000000000001 -0.55
69 0.53 0.51
25 -0.20999999999999996 -0.73
79 0.29000000000000004 -0.98
58 -0.71 0.1200000000000001
83 0.43999999999999995 0.040000000000000036
30 -0.26 0.8400000000000001
84 0.71 0.07000000000000006
59 -0.85 0.3899999999999999
90 0.8700000000000001 -0.5700000000000001
99 -0.99 -0.95
70 0.55 0.1200000000000001
95 0.8600000000000001 -0.17000000000000004
19 -0.43999999999999995 0.72
73 0.0 0.43999999999999995
91 0.8500000000000001 -0.43999999999999995
74 -0.06000000000000005 0.51
71 0.51 0.29000000000000004
20 -0.54 0.45999999999999996
44 -0.5800000000000001 -0.98
13 -0.8200000000000001 -0.9
45 -0.63 -0.94
46 0.3899999999999999 0.73
37 0.9199999999999999 0.32000000000000006
85 0.79 -0.13
33 -0.07999999999999996 -0.5700000000000001
47 0.21999999999999997 0.6299999999999999
38 0.77 0.73
86 0.73 -0.07999999999999996
7 -0.85 -0.25
76 -0.84 -0.20999999999999996
8 -0.8200000000000001 -0.69
96 0.9199999999999999 0.040000000000000036
9 -0.99 -0.45999999999999996
92 0.74 -0.39
10 -0.6599999999999999 -0.33999999999999997
63 -0.97 0.99
97 0.98 0.06000000000000005
31 0.18999999999999995 0.9299999999999999
14 -0.89 -0.9299999999999999
11 -1.0 -0.45999999999999996
39 0.8200000000000001 0.7
32 -0.27 0.95
12 -0.77 -0.63
40 0.79 0.3700000000000001
65 -0.040000000000000036 0.20999999999999996
80 0.49 -0.92
66 0.31000000000000005 0.1299999999999999
93 0.72 -0.35
94 0.8500000000000001 -0.48
81 0.8 -0.5700000000000001
68 -0.56 -0.28
48 0.30000000000000004 0.96
43 -0.6699999999999999 0.74
60 -0.69 0.31000000000000005
53 0.17999999999999994 -0.56
98 -0.88 0.6499999999999999
72 0.44999999999999996 0.41999999999999993
21 -0.17000000000000004 0.3600000000000001
75 0.0 0.5
87 0.49 -0.050000000000000044
49 0.3700000000000001 0.9199999999999999
61 -0.63 0.16999999999999993
41 0.99 0.55

