100
0 3
0 4
0 5
0 31
0 87
1 3
1 4
1 6
1 7
1 8
1 10
1 17
1 23
1 26
1 31
1 60
1 66
1 72
1 98
2 3
2 9
2 12
2 54
2 65
3 4
3 5
3 6
3 9
3 10
3 13
3 21
3 28
3 32
3 35
3 42
3 50
3 66
3 67
3 84
4 5
4 6
4 8
4 9
4 11
4 13
4 15
4 16
4 17
4 20
4 24
4 27
4 31
4 33
4 36
4 41
4 58
4 59
4 61
4 62
4 68
4 71
4 73
4 78
4 79
4 89
5 7
5 16
5 22
6 16
6 28
6 39
6 55
6 62
7 11
7 13
7 15
7 53
7 58
7 61
7 65
7 77
7 84
7 86
7 89
7 90
8 17
8 20
8 21
8 22
8 25
8 26
8 28
8 29
8 49
8 52
8 62
8 65
8 81
9 29
10 16
10 42
10 57
10 91
11 13
11 18
11 19
11 28
11 43
11 47
11 50
11 54
11 60
11 62
11 74
12 17
12 22
12 27
12 33
13 21
13 39
13 49
13 55
14 19
14 27
14 31
14 36
14 38
14 47
14 53
14 59
14 63
14 90
15 53
15 61
15 67
15 80
15 88
16 28
16 50
16 93
17 35
17 74
18 21
18 25
18 45
18 49
18 53
18 56
18 57
18 62
18 76
18 94
19 31
19 35
19 37
19 50
19 56
19 58
19 61
19 76
20 22
20 25
20 27
20 39
20 54
20 61
21 34
21 63
21 67
21 78
22 25
22 30
22 43
22 80
23 41
23 94
23 99
24 63
25 47
25 59
25 99
26 72
27 76
27 80
28 52
28 74
28 87
29 31
29 93
30 33
31 37
31 50
31 53
31 77
32 35
32 36
32 45
32 99
33 51
33 56
34 37
34 65
34 78
35 44
36 55
36 59
36 61
36 73
37 40
37 42
38 52
38 62
38 65
38 70
38 76
39 50
39 51
40 43
40 54
40 62
40 70
42 74
44 56
44 73
47 56
47 66
49 50
49 54
49 70
49 87
51 89
53 56
54 61
54 72
56 78
57 91
58 99
60 87
62 89
63 80
65 78
71 86
74 77
76 86
76 98
89 99
