500
0 1
0 2
0 3
0 4
1 3
1 2
1 5
3 6
3 7
6 7
6 8
7 8
7 9
8 9
8 10
8 11
9 10
9 12
10 12
10 13
10 14
12 13
12 15
13 15
13 16
13 17
15 16
15 18
15 19
16 18
16 20
18 20
18 21
20 21
20 22
21 22
21 23
22 23
22 24
23 24
23 25
24 25
24 26
25 26
25 27
26 27
26 28
27 28
27 29
28 29
28 30
29 30
29 31
30 31
30 32
31 32
31 33
32 33
32 34
33 34
33 35
34 35
34 36
35 36
35 37
36 37
36 38
36 39
37 38
37 40
38 40
38 41
40 41
40 42
41 42
41 43
42 44
42 45
43 46
43 47
46 47
46 48
47 48
47 17
47 49
48 17
48 50
48 51
17 50
50 52
50 53
52 54
52 55
54 55
54 56
54 57
55 56
55 58
56 59
56 60
59 60
59 61
60 62
60 63
61 62
61 64
62 64
62 65
64 65
64 66
65 66
65 67
66 67
66 68
67 68
67 69
67 70
67 71
67 72
68 73
68 74
73 74
73 75
74 75
74 76
74 39
75 76
75 77
76 77
76 78
77 78
77 79
78 79
78 80
79 81
79 82
81 82
81 83
82 83
82 84
82 85
83 84
83 86
84 86
84 87
86 87
86 88
87 88
87 89
88 89
88 90
88 91
89 90
89 92
89 93
89 94
90 92
90 95
92 95
92 96
92 97
95 98
95 99
96 98
96 100
98 100
98 101
100 101
100 102
101 102
101 103
102 103
102 104
103 104
103 105
104 105
104 106
105 106
105 107
106 108
106 109
107 110
107 111
108 110
108 112
110 112
110 113
112 113
112 114
112 115
113 114
113 116
114 116
114 117
116 117
116 118
116 119
117 118
117 120
118 120
118 121
120 122
120 123
121 122
121 124
122 124
122 125
124 126
124 127
126 119
126 128
127 119
127 129
119 111
119 130
129 111
129 131
111 131
111 132
131 132
131 133
132 133
132 134
132 135
133 134
133 136
133 137
134 136
134 138
136 138
136 139
138 139
138 140
139 140
139 141
140 141
140 142
141 142
141 143
142 144
142 145
143 146
143 147
144 148
144 149
148 149
148 150
149 150
149 151
150 151
150 152
151 152
151 153
151 63
152 153
152 154
153 154
153 91
154 91
154 155
91 156
91 157
155 156
155 115
156 115
156 158
156 159
115 158
115 160
158 161
158 162
158 163
161 162
161 164
162 165
162 166
164 167
164 168
167 168
167 169
168 169
168 170
168 44
169 170
169 171
170 171
170 172
171 172
171 173
172 173
172 174
173 174
173 175
174 175
174 176
175 177
175 178
177 178
177 179
178 179
178 180
179 123
179 181
180 123
180 182
123 183
123 184
183 184
183 49
184 49
184 185
49 185
185 186
185 187
186 187
186 44
187 44
187 70
44 70
44 188
70 189
189 190
189 191
190 191
190 125
191 125
191 192
125 192
125 193
192 193
192 194
193 194
193 195
194 195
194 196
195 196
195 197
196 197
196 198
197 198
197 199
198 199
198 200
198 201
199 200
199 202
200 58
200 203
200 204
58 203
58 205
203 205
203 157
205 157
205 206
157 206
206 207
206 208
207 208
207 209
208 209
208 210
209 210
209 211
210 211
210 212
211 212
211 137
212 137
212 213
137 214
213 214
213 215
214 215
214 216
215 216
215 217
215 218
216 217
216 219
217 219
217 220
219 220
219 221
220 221
220 222
221 222
221 223
222 223
222 224
223 224
223 71
224 71
224 225
71 225
225 226
225 227
226 227
226 228
227 228
227 229
228 229
228 230
229 231
229 232
231 232
231 233
232 234
232 235
234 236
234 237
235 238
235 239
238 239
238 240
239 240
239 241
240 241
240 242
241 242
241 243
242 244
242 245
244 245
244 246
245 246
245 176
246 247
246 248
246 249
247 248
247 250
248 250
248 251
250 251
250 243
250 252
251 243
251 51
243 51
243 253
243 254
51 253
253 255
253 256
255 256
255 257
255 258
256 257
256 259
257 80
257 260
257 261
259 80
259 262
80 262
80 263
262 264
262 265
263 264
263 266
264 266
264 267
266 267
266 145
267 145
267 268
267 269
145 268
145 252
268 252
268 230
252 270
230 270
230 271
270 271
270 272
271 273
271 274
273 274
273 249
274 249
274 275
249 275
275 276
275 277
276 277
276 278
277 278
277 279
278 99
278 280
279 281
279 282
281 282
281 283
282 283
282 19
283 19
283 284
19 204
284 204
284 285
204 286
285 286
285 287
286 287
286 288
287 288
287 269
288 269
288 289
269 290
289 291
289 233
290 291
290 57
291 57
291 292
291 293
57 280
292 280
292 294
280 135
280 295
294 135
294 296
135 296
296 297
296 298
297 298
297 299
298 299
298 300
299 300
299 301
299 254
300 301
300 302
301 302
301 202
302 202
302 303
202 303
202 304
303 304
303 147
304 147
304 130
147 130
147 109
130 109
109 305
109 306
305 306
305 307
305 308
306 307
306 309
307 309
307 310
309 310
309 311
310 311
310 312
311 312
311 313
312 313
312 314
313 314
313 315
314 315
314 316
315 316
315 94
316 94
316 317
94 317
317 318
317 319
318 319
318 320
319 320
319 321
320 321
320 322
321 322
321 323
321 324
322 323
322 72
323 72
323 254
72 254
325 326
325 327
326 327
326 328
327 328
327 308
328 308
328 329
308 330
329 330
329 331
330 331
330 237
331 237
331 332
237 332
237 333
332 333
332 334
333 334
333 335
334 335
334 336
335 336
335 337
336 337
336 338
337 338
337 218
338 218
338 339
218 340
339 340
339 341
339 342
340 341
340 343
341 343
341 344
343 345
343 346
345 346
345 347
346 347
346 348
347 348
347 349
348 349
348 350
349 350
349 351
350 351
350 5
351 352
351 353
5 352
5 354
352 354
352 355
352 356
354 355
354 357
355 357
355 358
357 358
357 359
357 360
358 359
358 361
359 361
359 362
359 363
361 362
361 364
362 364
362 365
364 365
364 366
365 366
365 367
366 367
366 368
367 368
367 369
368 369
368 370
369 370
369 371
370 371
370 372
370 373
371 372
371 374
372 375
372 376
374 375
374 377
375 378
375 379
377 378
377 380
378 380
378 381
380 381
380 382
381 382
381 383
381 384
382 383
382 69
383 69
383 385
69 386
69 387
385 386
385 388
386 388
386 389
388 389
388 45
388 390
389 45
389 391
45 391
45 392
391 392
391 393
392 393
392 379
393 394
393 395
394 395
394 396
395 396
395 261
396 261
396 397
261 397
397 398
397 99
398 99
398 324
99 324
99 399
324 400
399 400
399 401
400 401
400 402
401 402
401 403
402 403
402 404
403 404
403 405
404 405
404 406
405 406
405 407
406 407
406 408
407 408
407 272
408 272
408 409
408 410
272 409
272 411
409 411
409 146
411 146
411 412
146 412
146 413
412 233
412 414
413 233
413 415
233 416
233 417
415 416
415 418
416 418
416 419
418 419
418 414
419 414
419 420
414 420
414 421
420 421
420 422
421 422
421 423
422 423
422 14
423 14
423 424
14 424
424 425
424 188
425 188
425 426
188 426
426 427
426 428
427 428
427 429
428 429
428 430
429 430
429 166
430 166
430 431
166 431
166 165
431 165
431 432
165 432
165 410
432 410
432 433
410 434
433 434
433 293
434 293
434 435
293 63
435 436
435 437
63 438
436 438
436 373
438 373
438 439
373 440
439 440
439 441
440 441
440 442
441 442
441 443
442 443
442 444
443 444
443 163
444 163
444 159
163 159
159 445
446 445
446 39
445 39
445 447
447 448
447 449
448 449
448 450
449 450
449 451
449 236
450 451
450 452
451 452
451 379
452 379
452 384
379 384
379 265
384 453
265 453
265 454
453 454
453 455
454 455
454 456
455 456
455 363
455 457
456 363
456 387
363 458
387 458
387 97
458 97
458 459
97 460
459 460
459 461
460 461
460 462
461 462
461 360
462 360
462 417
360 295
417 295
417 463
417 464
295 463
295 176
463 176
463 465
176 465
176 466
465 466
465 467
466 467
466 457
467 457
467 53
457 128
53 128
53 468
128 468
128 469
468 469
468 470
469 470
469 471
470 471
470 472
471 472
471 473
472 473
472 474
473 474
473 201
474 201
474 437
201 437
437 475
437 476
475 476
475 477
476 477
476 160
477 160
477 353
160 478
353 478
353 479
478 479
478 480
479 480
479 481
480 481
480 260
481 260
481 482
260 482
260 483
482 483
482 484
483 464
483 485
484 464
484 486
464 486
486 258
486 344
258 344
344 487
344 488
487 488
487 181
488 181
488 485
181 485
181 376
485 376
485 489
376 489
376 490
489 490
489 342
490 342
490 356
342 356
356 491
491 492
491 390
492 390
492 493
390 493
493 494
493 495
494 495
494 85
495 85
495 496
85 497
496 497
496 498
497 498
497 93
498 93
498 182
93 11
182 11
182 499
11 236
499 236
499 4
236 4
4 2

0 0.9999999997099134 7.336391257997219e-10
1 0.999921023555644 0.012566040994450686
3 0.9996841546974804 0.02513009753817977
6 0.9992894527400673 0.037690181991131035
7 0.9987369772880496 0.05024432088077031
8 0.998026728341427 0.06279052117678939
9 0.997158884714134 0.07532680102475094
10 0.9961336252201047 0.08785119719666912
12 0.9949510094639838 0.10036172038752601
13 0.993611335468995 0.11285638129230369
15 0.9921147224444277 0.12533323530946777
16 0.9904614088088608 0.13779027823283918
18 0.9886517521901629 0.1502255803620447
20 0.9866859314022679 0.162637159842647
21 0.9845643636776891 0.1750230646225312
22 0.9822872278303607 0.18738131284725987
23 0.9798550603020851 0.19970998226704045
24 0.9772680995114416 0.21200712082975798
25 0.9745268819002324 0.22427076158213632
26 0.9716317054916814 0.23649899717554404
27 0.9685831663322358 0.2486899053601886
28 0.965381622049764 0.2608415191827938
29 0.9620276686907133 0.2729519312947282
30 0.9585217830922417 0.285019279050844
31 0.9548645613007964 0.29704156569554263
32 0.9510565397581799 0.3090170030894822
33 0.9470983145108397 0.3209435944770642
34 0.9429905412098677 0.3328195517189466
35 0.9387338755063561 0.3446429376641757
36 0.9343289730513967 0.3564118747664424
37 0.9297764894960818 0.3681245450840825
38 0.9250771997007928 0.3797791008731092
40 0.9202318189212666 0.3913736645872134
41 0.9152411816225292 0.4029064182847309
42 0.9101059434556729 0.4143756036286421
43 0.9048270580950132 0.4257792834679932
46 0.899405240796287 0.43711575907040934
47 0.8938414452338099 0.44838321249422625
48 0.8881364462679636 0.4595798556001019
17 0.8822911975730637 0.4707039300510168
50 0.8763066528234259 0.4817537073122736
52 0.8701837656933659 0.4927273396398858
54 0.8639234302525547 0.5036231879061231
55 0.8575266597799527 0.5144395235762884
56 0.8509944675545204 0.5251746181156844
59 0.8443279264598628 0.5358268025942587
60 0.8375280497749406 0.5463943484773142
61 0.8305959103833588 0.5568756464394428
62 0.8235325811687226 0.5672689083413027
64 0.8163392542239266 0.5775727036714204
65 0.8090170024325761 0.587785244290454
66 0.8015670178875657 0.5979049804776404
67 0.7939904330771451 0.6079303029075718
68 0.7862884400942092 0.6178596022548405
73 0.7784622906362972 0.6276913884033282
74 0.7705132364009485 0.6374239924229824
75 0.7624425290857025 0.6470559838023295
76 0.7542513607834538 0.6565857532159619
77 0.745941162005676 0.6660118701524059
78 0.7375131248452637 0.6753327848908985
79 0.7289686202090457 0.6845471265246109
81 0.7203090190038509 0.6936533453327801
82 0.711535692136508 0.7026499511992877
83 0.7026499509092012 0.7115356924265945
84 0.6936532854380489 0.7203090192939374
86 0.6845471262345244 0.7289686204991322
87 0.675332784600812 0.7375131251353502
88 0.6660118698623194 0.7459411622957625
89 0.6565857529258754 0.7542514206781851
90 0.647055983512243 0.762442529375789
92 0.6374239921328959 0.770513236691035
95 0.6276913285085969 0.7784622909263837
96 0.6178596615693986 0.7862884403842957
98 0.6079303026174853 0.793990373762587
100 0.5979049801875539 0.8015670181776522
101 0.5877852440003675 0.8090170027226626
102 0.5775727033813339 0.8163392545140131
103 0.5672689676558609 0.8235325814588091
104 0.5568755865447115 0.8305959106734453
105 0.5463943481872277 0.8375280500650271
106 0.5358267426995276 0.8443279267499493
107 0.5251746178255979 0.8509944678446069
108 0.5144395828908467 0.8575266600700392
110 0.5036231876160366 0.8639234305426412
112 0.4927273393497993 0.8701837659834524
113 0.4817537070221871 0.8763066531135124
114 0.4707038999586079 0.8822912574677949
116 0.4595798553100154 0.8881364465580501
117 0.44838327180878446 0.8938413859192518
118 0.4371157289780005 0.8994052410863735
120 0.4257793129802291 0.9048270583850997
121 0.41437563314087794 0.9101059437457594
122 0.4029064179946444 0.9152411819126157
124 0.3913736940994493 0.9202318192113531
126 0.3797790409783779 0.9250771999908793
127 0.368124544793996 0.9297764897861683
119 0.3564119042786783 0.9343289137368386
129 0.34464287776944447 0.9387338757964426
111 0.3328195514288601 0.9429905414999542
131 0.32094365379162243 0.9470983148009262
132 0.30901697299707337 0.9510565400482665
133 0.2970415952077785 0.954864561590883
134 0.28501930856307983 0.9585217833823282
136 0.2729519012023193 0.9620276689807998
138 0.2608415188927073 0.9653816223398505
139 0.24868994977358563 0.9685831666223222
140 0.2364989819842964 0.9716317653864126
141 0.2242707910943722 0.9745268821903189
142 0.21200706093502678 0.9772681594061728
143 0.19970996707579278 0.9798550605921716
144 0.18738134235949575 0.9822872281204472
148 0.17502301962896116 0.9845643639677756
149 0.16263715955256053 0.9866859316923544
150 0.15022562477544177 0.9886517524802494
151 0.1377902630415915 0.9904614090989473
152 0.1253332350193813 0.9921147227345142
153 0.11285643315628134 0.9936112761544368
154 0.10036169029511716 0.9949510097540704
91 0.08785121180774383 0.9961336255101912
155 0.07532686778988978 0.9971588850042206
156 0.06279049853496113 0.9980267286315135
115 0.0502443429424256 0.9987369775781361
158 0.0376901295469804 0.9992894530301538
161 0.02513008607222239 0.9996842145922117
162 0.012566073300654282 0.9999210238457306
164 -4.3267835618597225e-08 1.0
167 -0.012566040748581498 0.9999210238457306
168 -0.025130053520149607 0.9996842145922117
169 -0.037690218066842224 0.9992894530301538
170 -0.05024430852770766 0.9987369775781361
171 -0.06279046784553349 0.9980267286315135
172 -0.07532682964988155 0.9971588850042206
173 -0.08785118111831618 0.9961336255101912
174 -0.10036165960568952 0.9949510097540704
175 -0.11285640246685369 0.9936113357590816
177 -0.12533320432995365 0.9921147227345142
178 -0.13779033666029214 0.9904614090989473
179 -0.15022559408601413 0.9886517524802494
180 -0.1626371288631329 0.9866859316923544
123 -0.17502310814882296 0.9845643043631309
183 -0.1873813116700681 0.9822872281204472
184 -0.19970993638636514 0.9798550605921716
49 -0.21200714945488858 0.9772680998015281
185 -0.22427076040494456 0.9745268821903189
186 -0.23649895129486875 0.9716317653864126
187 -0.248689919084158 0.9685831666223222
44 -0.2608414882032796 0.9653816223398505
70 -0.2729518705128917 0.9620276689807998
189 -0.2850192778736522 0.9585217833823282
190 -0.29704156451835084 0.954864561590883
191 -0.3090170317146128 0.9510564804436217
125 -0.32094362310219476 0.9470983148009262
192 -0.3328195207394325 0.9429905414999542
193 -0.3446429662893063 0.9387338161917979
194 -0.35641187358925064 0.9343289137368386
195 -0.3681245141045683 0.9297764897861683
196 -0.3797791294982397 0.9250771999908793
197 -0.3913736634100216 0.9202318788159978
198 -0.4029063873052168 0.9152411819126157
199 -0.41437560245145033 0.9101059437457594
200 -0.4257793716977685 0.9048269987804549
58 -0.4371158174978623 0.8994052410863735
203 -0.44838324111935685 0.8938414455238964
205 -0.4595798246205878 0.8881364465580501
157 -0.4707038692691803 0.8822912574677949
206 -0.4817535869257924 0.8763067127181571
207 -0.4927274278696611 0.8701837063788076
208 -0.503623246333576 0.8639233709379964
209 -0.5144395223990966 0.8575266600700392
210 -0.5251746169384927 0.8509945274492515
211 -0.5358267418124223 0.844327986354594
212 -0.5463944665094118 0.8375279904603824
137 -0.556875645262251 0.8305958510688005
213 -0.5672689667687556 0.8235325814588091
214 -0.5775727024942287 0.8163392545140131
215 -0.5877851835086175 0.8090170027226626
216 -0.5979049196958038 0.8015670181776522
217 -0.6079303613350246 0.7939903141579422
219 -0.6178596606822934 0.786288380779651
220 -0.6276913872261364 0.7784622909263837
221 -0.6374239912457906 0.770513236691035
222 -0.647055923020493 0.7624425889804337
223 -0.6565856924341253 0.7542514802828298
224 -0.6660119285798589 0.7459411026911178
71 -0.6753328433183515 0.7375130655307055
225 -0.6845471253474191 0.7289686204991322
226 -0.6936532845509437 0.7203090788985821
227 -0.7026498904174513 0.7115357520312393
228 -0.7115357508540475 0.7026498915946431
229 -0.7203090777213903 0.6936532857281354
231 -0.7289686193219405 0.6845470669199663
232 -0.7375131239581584 0.6753328444955433
234 -0.745941101513926 0.6660119297570507
235 -0.7542513002917038 0.6565858128206067
238 -0.7624425878032419 0.6470559241976848
239 -0.770513295118488 0.6374239328183376
240 -0.778462289749192 0.6276913884033282
241 -0.7862883796024592 0.6178596618594852
242 -0.7939903725853952 0.6079303625122164
244 -0.8015670766051052 0.5979049208729956
245 -0.8090170611501156 0.5877851846858093
246 -0.8163392533368213 0.5775727036714204
247 -0.8235325802816174 0.5672689679459474
248 -0.8305958498916087 0.5568756464394428
250 -0.8375279892831906 0.5463944080819588
251 -0.8443279851774023 0.5358267429896141
243 -0.8509945262720597 0.5251745585110398
51 -0.8575266588928474 0.5144395235762884
253 -0.8639234293654494 0.5036232475107678
255 -0.8701837052016158 0.4927273992445305
256 -0.8763066519363206 0.48175376691691835
257 -0.8822912562906031 0.4707038704463721
259 -0.8881364453808583 0.45957982579777956
80 -0.8938414443467046 0.44838321249422625
262 -0.8994052399091818 0.4371158186750541
263 -0.9048269976032631 0.4257793728749603
264 -0.9101060021732124 0.4143754844193526
266 -0.9152411807354239 0.40290638848240856
267 -0.920231877638806 0.3913736645872134
145 -0.9250771988136876 0.3797791306754315
268 -0.9297764886089765 0.3681246046887272
252 -0.9343289125596468 0.3564119939757319
230 -0.9387338746192508 0.34464284825720864
270 -0.9429905403227624 0.3328194921143019
271 -0.9470983136237344 0.3209435944770642
273 -0.9510564792664299 0.3090170328918046
274 -0.9548645008090464 0.29704165510250974
249 -0.9585218418097812 0.2850191598415545
275 -0.962027667803608 0.2729518716900835
276 -0.9653816211626587 0.2608414893804714
277 -0.9685831654451306 0.2486899053601886
278 -0.9716317046045762 0.2364990567801888
279 -0.9745268214084825 0.2242708658902646
281 -0.977268158228981 0.2120070165216297
282 -0.9798550594149799 0.1997099226623957
283 -0.9822872269432554 0.18738129794609867
19 -0.9845643031859391 0.17502309442485356
284 -0.9866859305151626 0.16263723434845292
204 -0.9886517513030576 0.15022569957133416
285 -0.9904614079217555 0.13779021862819443
286 -0.9921147215573224 0.1253332055071454
287 -0.9936113345818898 0.11285638874288427
288 -0.9949510085768786 0.10036176509100955
269 -0.9961336243329995 0.08785128660363622
289 -0.9971588838270288 0.07532670416720326
290 -0.9980267274543217 0.06279046157214466
291 -0.9987369764009443 0.050244298529028536
57 -0.999289451852962 0.0376902080681631
292 -0.9996842134150199 0.025130162730759943
280 -0.9999210226685388 0.012566149027869261
294 -0.9999999988228082 -8.668913738353936e-08
135 -0.9999210226685388 -0.012566084230655982
296 -0.9996842134150199 -0.02513009607090152
297 -0.999289451852962 -0.03769014327094982
298 -0.9987369764009443 -0.050244233731815253
299 -0.9980267274543217 -0.06279063146822002
300 -0.9971588838270288 -0.07532687406327862
301 -0.9961336243329995 -0.08785122553171325
302 -0.9949510085768786 -0.10036169656850599
202 -0.9936113345818898 -0.11285632767096129
303 -0.9921147215573224 -0.12533312953406126
304 -0.9904614079217555 -0.1377903810736892
147 -0.9886517513030576 -0.15022563849941117
130 -0.9866859305151626 -0.16263717327652996
109 -0.9845643627905838 -0.17502303335293057
305 -0.9822872865479001 -0.1873812368741757
306 -0.9798550594149799 -0.19970986159047274
307 -0.9772680986243363 -0.21200717896712445
309 -0.9745268810131271 -0.22427078991718044
310 -0.9716317046045762 -0.2364989957082658
311 -0.9685831654451306 -0.2486898442882656
312 -0.9653816807673035 -0.2608414283085484
313 -0.962027667803608 -0.27295204903673936
314 -0.9585217822051364 -0.28501930738588804
315 -0.9548645604136912 -0.2970415940305867
316 -0.9510565388710747 -0.3090169718198816
94 -0.9470983136237344 -0.32094353340514115
317 -0.9429905999274072 -0.3328194310423789
318 -0.9387338150146061 -0.3446429958015422
319 -0.9343289125596468 -0.3564119329038089
320 -0.9297764886089765 -0.3681245436168042
321 -0.9250771988136876 -0.3797790696035085
322 -0.920231877638806 -0.3913736035152904
323 -0.9152411211307793 -0.4029065360267421
72 -0.9101059425685676 -0.41437563196368615
254 -0.9048270572079079 -0.4257793118030373
325 -0.8994052399091818 -0.43711575760313104
326 -0.8938414443467046 -0.4483831514223032
327 -0.8881365049855031 -0.45957976472585654
328 -0.8822911966859585 -0.4707040179907056
308 -0.8763066519363206 -0.48175370584499533
329 -0.8701837648062606 -0.4927273381726075
330 -0.8639234293654494 -0.5036231864388448
331 -0.8575267184974921 -0.5144394625043655
237 -0.8509945262720597 -0.5251745570437615
332 -0.8443278659681128 -0.5358268607316252
333 -0.8375279892831906 -0.5463943470100359
334 -0.8305959094962535 -0.5568755853675197
335 -0.823532639886262 -0.5672689068740244
336 -0.8163393129414661 -0.5775726425994974
337 -0.8090169419408262 -0.5877853620324651
338 -0.8015669573958156 -0.5979050386150068
218 -0.7939903725853952 -0.6079303014402935
339 -0.7862884392071039 -0.6178596007875622
340 -0.7784623493538366 -0.6276913273314051
341 -0.770513295118488 -0.6374239313510593
343 -0.7624424685939525 -0.647056041939696
345 -0.7542513598963485 -0.6565858113533284
346 -0.7459411611185707 -0.6660118686851276
347 -0.7375131239581584 -0.6753327834236202
348 -0.7289686789265851 -0.684547065452688
349 -0.7203089585121009 -0.6936534034701466
350 -0.711535631644758 -0.7026500093366542
351 -0.702649950022096 -0.7115356909593162
5 -0.6936533441555883 -0.7203090178266591
352 -0.6845471253474191 -0.7289685594272092
354 -0.6753329029229962 -0.7375130640634272
355 -0.6660118093705694 -0.7459412204331289
357 -0.6565856924341253 -0.7542514192109068
358 -0.647055923020493 -0.7624425279085107
359 -0.6374238124318564 -0.7705133544330462
361 -0.6276914468307812 -0.7784622298544607
362 -0.6178595414730039 -0.7862884985216622
364 -0.6079304209396694 -0.7939903126906639
365 -0.5979049793004486 -0.8015670167103739
366 -0.587785064299328 -0.8090171204646738
367 -0.5775727620988734 -0.8163391934420902
368 -0.5672688475594662 -0.8235326992008203
369 -0.5568757048668956 -0.8305958496015222
370 -0.5463942876954776 -0.8375280485977488
371 -0.5358269802310012 -0.8443278060733815
372 -0.5251746765431374 -0.8509944663773286
374 -0.5144394031898072 -0.8575267182074056
375 -0.5036233059382208 -0.8639233694707181
377 -0.4927272788580493 -0.8701838241208188
378 -0.48175385514669367 -0.8763065920415893
380 -0.470703928873825 -0.8822912560005166
381 -0.45957967560897595 -0.8881365643000613
382 -0.44838330072400157 -0.8938413844519735
383 -0.4371156684862505 -0.8994052992237399
69 -0.42577943130241325 -0.9048269973131766
385 -0.4143755428468056 -0.9101060018831258
386 -0.40290623829360495 -0.9152412400499822
388 -0.39137372301466633 -0.9202318177440748
389 -0.3797789804866279 -0.9250772581282458
45 -0.3681246929185025 -0.9297764287142454
391 -0.3564118139846059 -0.9343289718742049
392 -0.3446431451032405 -0.9387337551198748
393 -0.3328195803440772 -0.9429905400326759
394 -0.3209434442882606 -0.9470983729382927
395 -0.30901709131925753 -0.9510564789763434
396 -0.2970415049137061 -0.9548645601236047
261 -0.2850194566875864 -0.9585217223104052
397 -0.27295193011753643 -0.9620276675135215
398 -0.26084130938934547 -0.965381680477217
99 -0.24868997868880274 -0.9685831651550441
324 -0.236498891690224 -0.9716317639191343
399 -0.22427092431771756 -0.974526821118396
400 -0.21200708985024386 -0.9772680983342498
401 -0.19970977247359212 -0.9798551187295381
402 -0.18738137127471283 -0.9822872266531689
403 -0.17502292933488878 -0.9845643625004973
404 -0.1626373076770671 -0.9866859302250761
405 -0.15022554938253058 -0.9886517510129711
406 -0.13779053037538752 -0.990461407631669
407 -0.12533327883575957 -0.9921147212672359
408 -0.11285623110350008 -0.9936113342918033
272 -0.1003618384196237 -0.9949510082867921
409 -0.08785112151367144 -0.996133624042913
411 -0.07532701591439633 -0.9971588835369423
146 -0.06279053490075881 -0.9980267271642352
412 -0.05024413716435406 -0.9987369761108578
413 -0.03769028139677725 -0.9992894515628755
233 -0.02512999764079517 -0.9996842131249334
415 -0.012566223287805989 -0.9999210223784523
416 1.2368433265826814e-08 -0.9999999985327217
418 0.01256624838929818 -0.9999210223784523
419 0.025130022742287365 -0.9996842131249334
414 0.037690304635624304 -0.9992894515628755
420 0.05024416040320111 -0.9987369761108578
421 0.06279055813960586 -0.9980267271642352
422 0.07532703915324339 -0.9971588835369423
423 0.0878511522030991 -0.996133624042913
14 0.10036186165847076 -0.9949510082867921
424 0.11285625434234714 -0.9936113342918033
425 0.125333294624026 -0.9921147212672359
188 0.13779006932649612 -0.9904614672363138
426 0.15022556517079702 -0.9886517510129711
427 0.16263733836649474 -0.9866859302250761
428 0.17502296002431642 -0.9845643625004973
429 0.18738140196414046 -0.9822872266531689
430 0.1997097882618586 -0.9798551187295381
166 0.2120071205396715 -0.9772680983342498
431 0.22427095500714522 -0.974526821118396
165 0.23649892237965164 -0.9716317639191343
432 0.2486899944770692 -0.9685831055503993
410 0.2608413400787731 -0.965381680477217
433 0.27295196080696404 -0.9620276675135215
434 0.28501948737701405 -0.9585217223104052
293 0.2970415356031338 -0.9548645601236047
435 0.3090171220086852 -0.9510564789763434
63 0.3209434749776882 -0.9470983729382927
436 0.3328196110335048 -0.9429905400326759
438 0.3446426989555103 -0.938733933933809
373 0.3564118446740336 -0.9343289718742049
439 0.3681246938056078 -0.9297764287142454
440 0.37977898137373317 -0.9250772581282458
441 0.391373753704094 -0.9202318177440748
442 0.4029062391807102 -0.9152412400499822
443 0.4143755735362332 -0.9101059422784811
444 0.4257794619918409 -0.9048269973131766
163 0.4371156991756781 -0.8994052992237399
159 0.44838330161110684 -0.8938413844519735
446 0.45957970629840356 -0.8881365046954166
445 0.4707039595632526 -0.882291196395872
39 0.48175385603379894 -0.8763065920415893
447 0.49272727974515457 -0.8701837645161741
448 0.5036233068253261 -0.8639233694707181
449 0.5144394040769125 -0.8575267182074056
450 0.5251746774302427 -0.8509944663773286
451 0.535826623490238 -0.8443280444919605
452 0.5463942885825829 -0.8375280485977488
379 0.5568757653586457 -0.8305957899968776
384 0.5672688484465714 -0.8235326395961755
265 0.5775727629859787 -0.8163391934420902
453 0.5877850651864333 -0.8090171204646738
454 0.5979049801875539 -0.8015670167103739
455 0.6079304218267747 -0.7939903126906639
456 0.6178595423601092 -0.7862884985216622
363 0.6276914477178864 -0.7784622298544607
387 0.6374238729236064 -0.7705133544330462
458 0.647055983512243 -0.7624425279085107
97 0.6565859317398096 -0.7542512403969726
459 0.6660118102576746 -0.7459412204331289
460 0.6753329038101015 -0.7375130044587824
461 0.684547007025235 -0.7289687382411434
462 0.6936533450426936 -0.7203090178266591
360 0.7026501297231355 -0.711535512145382
417 0.7115356325318632 -0.7026500093366542
295 0.7203091382131404 -0.6936532246562124
463 0.728968560604401 -0.6845471846619774
176 0.7375131844499084 -0.6753327834236202
465 0.7459409831917418 -0.6660120474990618
466 0.7542513607834538 -0.6565857517486836
467 0.762442648294992 -0.647055803521117
457 0.7705131767963038 -0.6374240505603488
53 0.7784623502409419 -0.6276912677267604
128 0.7862883208849197 -0.6178597796014964
468 0.7939903734725005 -0.6079303014402935
469 0.8015670774922103 -0.5979048001964279
470 0.8090169428279315 -0.5877853024278205
471 0.8163393138285714 -0.5775725829948527
472 0.8235325215640779 -0.5672690856879586
473 0.8305959103833588 -0.5568755853675197
474 0.83752816898423 -0.5463941681961016
201 0.8443278668552181 -0.5358268607316252
437 0.850994527159165 -0.5251744974391167
475 0.8575266001753079 -0.5144396413182996
476 0.8639234302525547 -0.5036231268342001
477 0.8701836464840764 -0.49272754678886405
160 0.8763066528234259 -0.48175370584499533
353 0.8822913167823532 -0.47070377957212667
478 0.888136386663319 -0.4595799733421131
479 0.8938414452338099 -0.4483831514223032
480 0.8994051811916423 -0.43711593641706525
481 0.9048270580950132 -0.4257792820007149
260 0.9101060626649623 -0.4143753935451073
482 0.9152411220178845 -0.4029065062244197
483 0.9202318785259113 -0.391373573712968
484 0.9250771400961482 -0.3797792484174427
464 0.9297764894960818 -0.3681245436168042
486 0.9343290326560415 -0.3564116646829076
258 0.9387338159017113 -0.3446429958015422
344 0.9429906008145125 -0.3328194310423789
487 0.947098254906195 -0.32094374202139775
488 0.9510565397581799 -0.3090169420175592
181 0.9548645016961517 -0.29704180264684327
485 0.9585217830922417 -0.28501930738588804
376 0.9620277282953581 -0.2729517808158381
489 0.965381622049764 -0.26084163692480494
490 0.9685831663322358 -0.24868981448594324
342 0.9716317054916814 -0.23649920432452237
356 0.9745268819002324 -0.22427077501601925
491 0.9772681591160863 -0.21200692564738435
492 0.9798550603020851 -0.1997100702067293
390 0.9822872874350054 -0.18738122197301452
493 0.9845643040730444 -0.17502324196918714
494 0.9866859314022679 -0.1626371583753688
495 0.9886517521901629 -0.15022538517967107
85 0.9904614088088608 -0.13779036617252802
496 0.9921147224444277 -0.12533311463290006
497 0.9936112758643503 -0.11285654373779845
498 0.9949510094639838 -0.10036167421676422
93 0.9961336252201047 -0.08785096476139255
182 0.997158884714134 -0.07532685171153684
11 0.998026728341427 -0.06279037069789932
499 0.9987369772880496 -0.050244449798652405
236 0.9992894527400673 -0.03769011719391775
4 0.9996841546974804 -0.02513031213773867
2 0.999921023555644 -0.01256606001626906

